X	Y	Z
-3	-3	3.54611E-10
-3	-2.9	1.01223E-09
-3	-2.8	2.78846E-09
-3	-2.7	7.41323E-09
-3	-2.6	1.90199E-08
-3	-2.5	4.70944E-08
-3	-2.4	1.12535E-07
-3	-2.3	2.59517E-07
-3	-2.2	5.77565E-07
-3	-2.1	1.2405E-06
-3	-2	2.57127E-06
-3	-1.9	5.14349E-06
-3	-1.8	9.9295E-06
-3	-1.7	1.84993E-05
-3	-1.6	3.32615E-05
-3	-1.5	5.77146E-05
-3	-1.4	9.66471E-05
-3	-1.3	0.000156189
-3	-1.2	0.000243596
-3	-1.1	0.000366647
-3	-1	0.00053258
-3	-0.9	0.000746586
-3	-0.8	0.001010027
-3	-0.7	0.001318697
-3	-0.6	0.001661557
-3	-0.5	0.002020431
-3	-0.4	0.002370998
-3	-0.3	0.0026852
-3	-0.2	0.002934814
-3	-0.1	0.003095587
-3	0	0.003151111
-3	0.1	0.003095587
-3	0.2	0.002934814
-3	0.3	0.0026852
-3	0.4	0.002370998
-3	0.5	0.002020431
-3	0.6	0.001661557
-3	0.7	0.001318697
-3	0.8	0.001010027
-3	0.9	0.000746586
-3	1	0.00053258
-3	1.1	0.000366647
-3	1.2	0.000243596
-3	1.3	0.000156189
-3	1.4	9.66471E-05
-3	1.5	5.77146E-05
-3	1.6	3.32615E-05
-3	1.7	1.84993E-05
-3	1.8	9.9295E-06
-3	1.9	5.14349E-06
-3	2	2.57127E-06
-3	2.1	1.2405E-06
-3	2.2	5.77565E-07
-3	2.3	2.59517E-07
-3	2.4	1.12535E-07
-3	2.5	4.70944E-08
-3	2.6	1.90199E-08
-3	2.7	7.41323E-09
-3	2.8	2.78846E-09
-3	2.9	1.01223E-09
-3	3	3.54611E-10
-2.9	-3	5.17299E-10
-2.9	-2.9	1.47662E-09
-2.9	-2.8	4.06774E-09
-2.9	-2.7	1.08143E-08
-2.9	-2.6	2.77459E-08
-2.9	-2.5	6.87004E-08
-2.9	-2.4	1.64164E-07
-2.9	-2.3	3.78578E-07
-2.9	-2.2	8.4254E-07
-2.9	-2.1	1.80961E-06
-2.9	-2	3.75091E-06
-2.9	-1.9	7.50322E-06
-2.9	-1.8	1.4485E-05
-2.9	-1.7	2.69864E-05
-2.9	-1.6	4.85211E-05
-2.9	-1.5	8.41929E-05
-2.9	-1.4	0.000140987
-2.9	-1.3	0.000227845
-2.9	-1.2	0.000355353
-2.9	-1.1	0.000534857
-2.9	-1	0.000776916
-2.9	-0.9	0.001089104
-2.9	-0.8	0.001473407
-2.9	-0.7	0.001923688
-2.9	-0.6	0.002423845
-2.9	-0.5	0.002947363
-2.9	-0.4	0.003458762
-2.9	-0.3	0.003917114
-2.9	-0.2	0.004281246
-2.9	-0.1	0.004515778
-2.9	0	0.004596776
-2.9	0.1	0.004515778
-2.9	0.2	0.004281246
-2.9	0.3	0.003917114
-2.9	0.4	0.003458762
-2.9	0.5	0.002947363
-2.9	0.6	0.002423845
-2.9	0.7	0.001923688
-2.9	0.8	0.001473407
-2.9	0.9	0.001089104
-2.9	1	0.000776916
-2.9	1.1	0.000534857
-2.9	1.2	0.000355353
-2.9	1.3	0.000227845
-2.9	1.4	0.000140987
-2.9	1.5	8.41929E-05
-2.9	1.6	4.85211E-05
-2.9	1.7	2.69864E-05
-2.9	1.8	1.4485E-05
-2.9	1.9	7.50322E-06
-2.9	2	3.75091E-06
-2.9	2.1	1.80961E-06
-2.9	2.2	8.4254E-07
-2.9	2.3	3.78578E-07
-2.9	2.4	1.64164E-07
-2.9	2.5	6.87004E-08
-2.9	2.6	2.77459E-08
-2.9	2.7	1.08143E-08
-2.9	2.8	4.06774E-09
-2.9	2.9	1.47662E-09
-2.9	3	5.17299E-10
-2.8	-3	7.45027E-10
-2.8	-2.9	2.12666E-09
-2.8	-2.8	5.85847E-09
-2.8	-2.7	1.5575E-08
-2.8	-2.6	3.99604E-08
-2.8	-2.5	9.89441E-08
-2.8	-2.4	2.36433E-07
-2.8	-2.3	5.45237E-07
-2.8	-2.2	1.21345E-06
-2.8	-2.1	2.60625E-06
-2.8	-2	5.40216E-06
-2.8	-1.9	1.08063E-05
-2.8	-1.8	2.08616E-05
-2.8	-1.7	3.88665E-05
-2.8	-1.6	6.98814E-05
-2.8	-1.5	0.000121257
-2.8	-1.4	0.000203053
-2.8	-1.3	0.000328148
-2.8	-1.2	0.000511788
-2.8	-1.1	0.000770315
-2.8	-1	0.001118935
-2.8	-0.9	0.001568556
-2.8	-0.8	0.002122039
-2.8	-0.7	0.002770545
-2.8	-0.6	0.003490885
-2.8	-0.5	0.004244868
-2.8	-0.4	0.004981399
-2.8	-0.3	0.005641529
-2.8	-0.2	0.006165961
-2.8	-0.1	0.006503739
-2.8	0	0.006620395
-2.8	0.1	0.006503739
-2.8	0.2	0.006165961
-2.8	0.3	0.005641529
-2.8	0.4	0.004981399
-2.8	0.5	0.004244868
-2.8	0.6	0.003490885
-2.8	0.7	0.002770545
-2.8	0.8	0.002122039
-2.8	0.9	0.001568556
-2.8	1	0.001118935
-2.8	1.1	0.000770315
-2.8	1.2	0.000511788
-2.8	1.3	0.000328148
-2.8	1.4	0.000203053
-2.8	1.5	0.000121257
-2.8	1.6	6.98814E-05
-2.8	1.7	3.88665E-05
-2.8	1.8	2.08616E-05
-2.8	1.9	1.08063E-05
-2.8	2	5.40216E-06
-2.8	2.1	2.60625E-06
-2.8	2.2	1.21345E-06
-2.8	2.3	5.45237E-07
-2.8	2.4	2.36433E-07
-2.8	2.5	9.89441E-08
-2.8	2.6	3.99604E-08
-2.8	2.7	1.5575E-08
-2.8	2.8	5.85847E-09
-2.8	2.9	2.12666E-09
-2.8	3	7.45027E-10
-2.7	-3	1.05936E-09
-2.7	-2.9	3.02392E-09
-2.7	-2.8	8.3302E-09
-2.7	-2.7	2.21462E-08
-2.7	-2.6	5.682E-08
-2.7	-2.5	1.40689E-07
-2.7	-2.4	3.36186E-07
-2.7	-2.3	7.75278E-07
-2.7	-2.2	1.72541E-06
-2.7	-2.1	3.70584E-06
-2.7	-2	7.68138E-06
-2.7	-1.9	1.53656E-05
-2.7	-1.8	2.96633E-05
-2.7	-1.7	5.52646E-05
-2.7	-1.6	9.9365E-05
-2.7	-1.5	0.000172416
-2.7	-1.4	0.000288723
-2.7	-1.3	0.000466597
-2.7	-1.2	0.000727716
-2.7	-1.1	0.001095317
-2.7	-1	0.001591023
-2.7	-0.9	0.002230343
-2.7	-0.8	0.003017346
-2.7	-0.7	0.003939462
-2.7	-0.6	0.004963718
-2.7	-0.5	0.006035813
-2.7	-0.4	0.007083092
-2.7	-0.3	0.008021735
-2.7	-0.2	0.008767428
-2.7	-0.1	0.009247717
-2.7	0	0.009413591
-2.7	0.1	0.009247717
-2.7	0.2	0.008767428
-2.7	0.3	0.008021735
-2.7	0.4	0.007083092
-2.7	0.5	0.006035813
-2.7	0.6	0.004963718
-2.7	0.7	0.003939462
-2.7	0.8	0.003017346
-2.7	0.9	0.002230343
-2.7	1	0.001591023
-2.7	1.1	0.001095317
-2.7	1.2	0.000727716
-2.7	1.3	0.000466597
-2.7	1.4	0.000288723
-2.7	1.5	0.000172416
-2.7	1.6	9.9365E-05
-2.7	1.7	5.52646E-05
-2.7	1.8	2.96633E-05
-2.7	1.9	1.53656E-05
-2.7	2	7.68138E-06
-2.7	2.1	3.70584E-06
-2.7	2.2	1.72541E-06
-2.7	2.3	7.75278E-07
-2.7	2.4	3.36186E-07
-2.7	2.5	1.40689E-07
-2.7	2.6	5.682E-08
-2.7	2.7	2.21462E-08
-2.7	2.8	8.3302E-09
-2.7	2.9	3.02392E-09
-2.7	3	1.05936E-09
-2.6	-3	1.48716E-09
-2.6	-2.9	4.24505E-09
-2.6	-2.8	1.16941E-08
-2.6	-2.7	3.10894E-08
-2.6	-2.6	7.97653E-08
-2.6	-2.5	1.97503E-07
-2.6	-2.4	4.71947E-07
-2.6	-2.3	1.08835E-06
-2.6	-2.2	2.42218E-06
-2.6	-2.1	5.20235E-06
-2.6	-2	1.07833E-05
-2.6	-1.9	2.15706E-05
-2.6	-1.8	4.16421E-05
-2.6	-1.7	7.75818E-05
-2.6	-1.6	0.000139491
-2.6	-1.5	0.000242042
-2.6	-1.4	0.000405316
-2.6	-1.3	0.00065502
-2.6	-1.2	0.001021585
-2.6	-1.1	0.001537633
-2.6	-1	0.002233517
-2.6	-0.9	0.003131009
-2.6	-0.8	0.004235822
-2.6	-0.7	0.005530311
-2.6	-0.6	0.006968186
-2.6	-0.5	0.008473217
-2.6	-0.4	0.009943408
-2.6	-0.3	0.011261095
-2.6	-0.2	0.012307912
-2.6	-0.1	0.01298215
-2.6	0	0.013215006
-2.6	0.1	0.01298215
-2.6	0.2	0.012307912
-2.6	0.3	0.011261095
-2.6	0.4	0.009943408
-2.6	0.5	0.008473217
-2.6	0.6	0.006968186
-2.6	0.7	0.005530311
-2.6	0.8	0.004235822
-2.6	0.9	0.003131009
-2.6	1	0.002233517
-2.6	1.1	0.001537633
-2.6	1.2	0.001021585
-2.6	1.3	0.00065502
-2.6	1.4	0.000405316
-2.6	1.5	0.000242042
-2.6	1.6	0.000139491
-2.6	1.7	7.75818E-05
-2.6	1.8	4.16421E-05
-2.6	1.9	2.15706E-05
-2.6	2	1.07833E-05
-2.6	2.1	5.20235E-06
-2.6	2.2	2.42218E-06
-2.6	2.3	1.08835E-06
-2.6	2.4	4.71947E-07
-2.6	2.5	1.97503E-07
-2.6	2.6	7.97653E-08
-2.6	2.7	3.10894E-08
-2.6	2.8	1.16941E-08
-2.6	2.9	4.24505E-09
-2.6	3	1.48716E-09
-2.5	-3	2.06115E-09
-2.5	-2.9	5.88352E-09
-2.5	-2.8	1.62077E-08
-2.5	-2.7	4.30889E-08
-2.5	-2.6	1.10552E-07
-2.5	-2.5	2.73733E-07
-2.5	-2.4	6.54104E-07
-2.5	-2.3	1.50843E-06
-2.5	-2.2	3.35706E-06
-2.5	-2.1	7.2103E-06
-2.5	-2	1.49453E-05
-2.5	-1.9	2.98962E-05
-2.5	-1.8	5.77146E-05
-2.5	-1.7	0.000107526
-2.5	-1.6	0.00019333
-2.5	-1.5	0.000335463
-2.5	-1.4	0.000561755
-2.5	-1.3	0.000907838
-2.5	-1.2	0.001415886
-2.5	-1.1	0.002131113
-2.5	-1	0.003095587
-2.5	-0.9	0.004339483
-2.5	-0.8	0.00587072
-2.5	-0.7	0.007664841
-2.5	-0.6	0.009657689
-2.5	-0.5	0.011743609
-2.5	-0.4	0.01378124
-2.5	-0.3	0.015607499
-2.5	-0.2	0.017058339
-2.5	-0.1	0.0179928
-2.5	0	0.018315526
-2.5	0.1	0.0179928
-2.5	0.2	0.017058339
-2.5	0.3	0.015607499
-2.5	0.4	0.01378124
-2.5	0.5	0.011743609
-2.5	0.6	0.009657689
-2.5	0.7	0.007664841
-2.5	0.8	0.00587072
-2.5	0.9	0.004339483
-2.5	1	0.003095587
-2.5	1.1	0.002131113
-2.5	1.2	0.001415886
-2.5	1.3	0.000907838
-2.5	1.4	0.000561755
-2.5	1.5	0.000335463
-2.5	1.6	0.00019333
-2.5	1.7	0.000107526
-2.5	1.8	5.77146E-05
-2.5	1.9	2.98962E-05
-2.5	2	1.49453E-05
-2.5	2.1	7.2103E-06
-2.5	2.2	3.35706E-06
-2.5	2.3	1.50843E-06
-2.5	2.4	6.54104E-07
-2.5	2.5	2.73733E-07
-2.5	2.6	1.10552E-07
-2.5	2.7	4.30889E-08
-2.5	2.8	1.62077E-08
-2.5	2.9	5.88352E-09
-2.5	3	2.06115E-09
-2.4	-3	2.82036E-09
-2.4	-2.9	8.05067E-09
-2.4	-2.8	2.21777E-08
-2.4	-2.7	5.89604E-08
-2.4	-2.6	1.51273E-07
-2.4	-2.5	3.74561E-07
-2.4	-2.4	8.95038E-07
-2.4	-2.3	2.06404E-06
-2.4	-2.2	4.59361E-06
-2.4	-2.1	9.86616E-06
-2.4	-2	2.04503E-05
-2.4	-1.9	4.09083E-05
-2.4	-1.8	7.89734E-05
-2.4	-1.7	0.000147132
-2.4	-1.6	0.000264542
-2.4	-1.5	0.000459028
-2.4	-1.4	0.000768673
-2.4	-1.3	0.001242233
-2.4	-1.2	0.001937416
-2.4	-1.1	0.002916091
-2.4	-1	0.004235822
-2.4	-0.9	0.005937897
-2.4	-0.8	0.008033152
-2.4	-0.7	0.010488118
-2.4	-0.6	0.013215006
-2.4	-0.5	0.016069237
-2.4	-0.4	0.018857376
-2.4	-0.3	0.021356274
-2.4	-0.2	0.023341466
-2.4	-0.1	0.024620085
-2.4	0	0.025061669
-2.4	0.1	0.024620085
-2.4	0.2	0.023341466
-2.4	0.3	0.021356274
-2.4	0.4	0.018857376
-2.4	0.5	0.016069237
-2.4	0.6	0.013215006
-2.4	0.7	0.010488118
-2.4	0.8	0.008033152
-2.4	0.9	0.005937897
-2.4	1	0.004235822
-2.4	1.1	0.002916091
-2.4	1.2	0.001937416
-2.4	1.3	0.001242233
-2.4	1.4	0.000768673
-2.4	1.5	0.000459028
-2.4	1.6	0.000264542
-2.4	1.7	0.000147132
-2.4	1.8	7.89734E-05
-2.4	1.9	4.09083E-05
-2.4	2	2.04503E-05
-2.4	2.1	9.86616E-06
-2.4	2.2	4.59361E-06
-2.4	2.3	2.06404E-06
-2.4	2.4	8.95038E-07
-2.4	2.5	3.74561E-07
-2.4	2.6	1.51273E-07
-2.4	2.7	5.89604E-08
-2.4	2.8	2.21777E-08
-2.4	2.9	8.05067E-09
-2.4	3	2.82036E-09
-2.3	-3	3.81014E-09
-2.3	-2.9	1.0876E-08
-2.3	-2.8	2.99607E-08
-2.3	-2.7	7.96519E-08
-2.3	-2.6	2.04361E-07
-2.3	-2.5	5.06009E-07
-2.3	-2.4	1.20914E-06
-2.3	-2.3	2.78839E-06
-2.3	-2.2	6.20569E-06
-2.3	-2.1	1.33286E-05
-2.3	-2	2.76272E-05
-2.3	-1.9	5.52646E-05
-2.3	-1.8	0.000106688
-2.3	-1.7	0.000198767
-2.3	-1.6	0.00035738
-2.3	-1.5	0.000620118
-2.3	-1.4	0.001038431
-2.3	-1.3	0.001678182
-2.3	-1.2	0.002617331
-2.3	-1.1	0.003939462
-2.3	-1	0.005722337
-2.3	-0.9	0.008021735
-2.3	-0.8	0.010852291
-2.3	-0.7	0.014168785
-2.3	-0.6	0.017852608
-2.3	-0.5	0.021708429
-2.3	-0.4	0.025474916
-2.3	-0.3	0.028850614
-2.3	-0.2	0.031532312
-2.3	-0.1	0.033259509
-2.3	0	0.033856008
-2.3	0.1	0.033259509
-2.3	0.2	0.031532312
-2.3	0.3	0.028850614
-2.3	0.4	0.025474916
-2.3	0.5	0.021708429
-2.3	0.6	0.017852608
-2.3	0.7	0.014168785
-2.3	0.8	0.010852291
-2.3	0.9	0.008021735
-2.3	1	0.005722337
-2.3	1.1	0.003939462
-2.3	1.2	0.002617331
-2.3	1.3	0.001678182
-2.3	1.4	0.001038431
-2.3	1.5	0.000620118
-2.3	1.6	0.00035738
-2.3	1.7	0.000198767
-2.3	1.8	0.000106688
-2.3	1.9	5.52646E-05
-2.3	2	2.76272E-05
-2.3	2.1	1.33286E-05
-2.3	2.2	6.20569E-06
-2.3	2.3	2.78839E-06
-2.3	2.4	1.20914E-06
-2.3	2.5	5.06009E-07
-2.3	2.6	2.04361E-07
-2.3	2.7	7.96519E-08
-2.3	2.8	2.99607E-08
-2.3	2.9	1.0876E-08
-2.3	3	3.81014E-09
-2.2	-3	5.0818E-09
-2.2	-2.9	1.45059E-08
-2.2	-2.8	3.99604E-08
-2.2	-2.7	1.06236E-07
-2.2	-2.6	2.72568E-07
-2.2	-2.5	6.74893E-07
-2.2	-2.4	1.6127E-06
-2.2	-2.3	3.71904E-06
-2.2	-2.2	8.27688E-06
-2.2	-2.1	1.77771E-05
-2.2	-2	3.68479E-05
-2.2	-1.9	7.37096E-05
-2.2	-1.8	0.000142296
-2.2	-1.7	0.000265107
-2.2	-1.6	0.000476658
-2.2	-1.5	0.000827088
-2.2	-1.4	0.001385015
-2.2	-1.3	0.002238287
-2.2	-1.2	0.003490885
-2.2	-1.1	0.005254285
-2.2	-1	0.007632207
-2.2	-0.9	0.01069904
-2.2	-0.8	0.014474297
-2.2	-0.7	0.018897647
-2.2	-0.6	0.02381086
-2.2	-0.5	0.028953369
-2.2	-0.4	0.033976585
-2.2	-0.3	0.038478448
-2.2	-0.2	0.042054642
-2.2	-0.1	0.044357872
-2.2	0	0.045153292
-2.2	0.1	0.044357872
-2.2	0.2	0.042054642
-2.2	0.3	0.038478448
-2.2	0.4	0.033976585
-2.2	0.5	0.028953369
-2.2	0.6	0.02381086
-2.2	0.7	0.018897647
-2.2	0.8	0.014474297
-2.2	0.9	0.01069904
-2.2	1	0.007632207
-2.2	1.1	0.005254285
-2.2	1.2	0.003490885
-2.2	1.3	0.002238287
-2.2	1.4	0.001385015
-2.2	1.5	0.000827088
-2.2	1.6	0.000476658
-2.2	1.7	0.000265107
-2.2	1.8	0.000142296
-2.2	1.9	7.37096E-05
-2.2	2	3.68479E-05
-2.2	2.1	1.77771E-05
-2.2	2.2	8.27688E-06
-2.2	2.3	3.71904E-06
-2.2	2.4	1.6127E-06
-2.2	2.5	6.74893E-07
-2.2	2.6	2.72568E-07
-2.2	2.7	1.06236E-07
-2.2	2.8	3.99604E-08
-2.2	2.9	1.45059E-08
-2.2	3	5.0818E-09
-2.1	-3	6.69169E-09
-2.1	-2.9	1.91013E-08
-2.1	-2.8	5.26196E-08
-2.1	-2.7	1.39891E-07
-2.1	-2.6	3.58916E-07
-2.1	-2.5	8.88696E-07
-2.1	-2.4	2.1236E-06
-2.1	-2.3	4.89721E-06
-2.1	-2.2	1.08989E-05
-2.1	-2.1	2.34088E-05
-2.1	-2	4.85211E-05
-2.1	-1.9	9.70603E-05
-2.1	-1.8	0.000187375
-2.1	-1.7	0.000349091
-2.1	-1.6	0.000627661
-2.1	-1.5	0.001089104
-2.1	-1.4	0.001823779
-2.1	-1.3	0.002947363
-2.1	-1.2	0.004596776
-2.1	-1.1	0.00691881
-2.1	-1	0.010050039
-2.1	-0.9	0.01408841
-2.1	-0.8	0.019059594
-2.1	-0.7	0.024884093
-2.1	-0.6	0.031353455
-2.1	-0.5	0.038124435
-2.1	-0.4	0.044737911
-2.1	-0.3	0.050664485
-2.1	-0.2	0.055372013
-2.1	-0.1	0.058403636
-2.1	0	0.059450558
-2.1	0.1	0.058403636
-2.1	0.2	0.055372013
-2.1	0.3	0.050664485
-2.1	0.4	0.044737911
-2.1	0.5	0.038124435
-2.1	0.6	0.031353455
-2.1	0.7	0.024884093
-2.1	0.8	0.019059594
-2.1	0.9	0.01408841
-2.1	1	0.010050039
-2.1	1.1	0.00691881
-2.1	1.2	0.004596776
-2.1	1.3	0.002947363
-2.1	1.4	0.001823779
-2.1	1.5	0.001089104
-2.1	1.6	0.000627661
-2.1	1.7	0.000349091
-2.1	1.8	0.000187375
-2.1	1.9	9.70603E-05
-2.1	2	4.85211E-05
-2.1	2.1	2.34088E-05
-2.1	2.2	1.08989E-05
-2.1	2.3	4.89721E-06
-2.1	2.4	2.1236E-06
-2.1	2.5	8.88696E-07
-2.1	2.6	3.58916E-07
-2.1	2.7	1.39891E-07
-2.1	2.8	5.26196E-08
-2.1	2.9	1.91013E-08
-2.1	3	6.69169E-09
-2	-3	8.6995E-09
-2	-2.9	2.48325E-08
-2	-2.8	6.84079E-08
-2	-2.7	1.81865E-07
-2	-2.6	4.66607E-07
-2	-2.5	1.15535E-06
-2	-2.4	2.76077E-06
-2	-2.3	6.3666E-06
-2	-2.2	1.41691E-05
-2	-2.1	3.04325E-05
-2	-2	6.30797E-05
-2	-1.9	0.000126183
-2	-1.8	0.000243596
-2	-1.7	0.000453835
-2	-1.6	0.000815988
-2	-1.5	0.001415886
-2	-1.4	0.002370998
-2	-1.3	0.003831708
-2	-1.2	0.005976022
-2	-1.1	0.008994771
-2	-1	0.013065501
-2	-0.9	0.018315526
-2	-0.8	0.024778152
-2	-0.7	0.03234988
-2	-0.6	0.040759443
-2	-0.5	0.049560248
-2	-0.4	0.058155125
-2	-0.3	0.065855923
-2	-0.2	0.071971548
-2	-0.1	0.075909316
-2	0	0.077269028
-2	0.1	0.075909316
-2	0.2	0.071971548
-2	0.3	0.065855923
-2	0.4	0.058155125
-2	0.5	0.049560248
-2	0.6	0.040759443
-2	0.7	0.03234988
-2	0.8	0.024778152
-2	0.9	0.018315526
-2	1	0.013065501
-2	1.1	0.008994771
-2	1.2	0.005976022
-2	1.3	0.003831708
-2	1.4	0.002370998
-2	1.5	0.001415886
-2	1.6	0.000815988
-2	1.7	0.000453835
-2	1.8	0.000243596
-2	1.9	0.000126183
-2	2	6.30797E-05
-2	2.1	3.04325E-05
-2	2.2	1.41691E-05
-2	2.3	6.3666E-06
-2	2.4	2.76077E-06
-2	2.5	1.15535E-06
-2	2.6	4.66607E-07
-2	2.7	1.81865E-07
-2	2.8	6.84079E-08
-2	2.9	2.48325E-08
-2	3	8.6995E-09
-1.9	-3	1.11659E-08
-1.9	-2.9	3.18729E-08
-1.9	-2.8	8.78023E-08
-1.9	-2.7	2.33426E-07
-1.9	-2.6	5.98896E-07
-1.9	-2.5	1.4829E-06
-1.9	-2.4	3.54348E-06
-1.9	-2.3	8.17161E-06
-1.9	-2.2	1.81863E-05
-1.9	-2.1	3.90605E-05
-1.9	-2	8.09636E-05
-1.9	-1.9	0.000161957
-1.9	-1.8	0.000312658
-1.9	-1.7	0.000582502
-1.9	-1.6	0.00104733
-1.9	-1.5	0.001817306
-1.9	-1.4	0.003043204
-1.9	-1.3	0.004918043
-1.9	-1.2	0.007670293
-1.9	-1.1	0.011544887
-1.9	-1	0.016769685
-1.9	-0.9	0.023508035
-1.9	-0.8	0.031802514
-1.9	-0.7	0.041519889
-1.9	-0.6	0.052311282
-1.9	-0.5	0.063602534
-1.9	-0.4	0.074626422
-1.9	-0.3	0.084499925
-1.9	-0.2	0.092337901
-1.9	-0.1	0.097382934
-1.9	0	0.099124633
-1.9	0.1	0.097382934
-1.9	0.2	0.092337901
-1.9	0.3	0.084499925
-1.9	0.4	0.074626422
-1.9	0.5	0.063602534
-1.9	0.6	0.052311282
-1.9	0.7	0.041519889
-1.9	0.8	0.031802514
-1.9	0.9	0.023508035
-1.9	1	0.016769685
-1.9	1.1	0.011544887
-1.9	1.2	0.007670293
-1.9	1.3	0.004918043
-1.9	1.4	0.003043204
-1.9	1.5	0.001817306
-1.9	1.6	0.00104733
-1.9	1.7	0.000582502
-1.9	1.8	0.000312658
-1.9	1.9	0.000161957
-1.9	2	8.09636E-05
-1.9	2.1	3.90605E-05
-1.9	2.2	1.81863E-05
-1.9	2.3	8.17161E-06
-1.9	2.4	3.54348E-06
-1.9	2.5	1.4829E-06
-1.9	2.6	5.98896E-07
-1.9	2.7	2.33426E-07
-1.9	2.8	8.78023E-08
-1.9	2.9	3.18729E-08
-1.9	3	1.11659E-08
-1.8	-3	1.41493E-08
-1.8	-2.9	4.03889E-08
-1.8	-2.8	1.11262E-07
-1.8	-2.7	2.95795E-07
-1.8	-2.6	7.58914E-07
-1.8	-2.5	1.87911E-06
-1.8	-2.4	4.49026E-06
-1.8	-2.3	1.0355E-05
-1.8	-2.2	2.30454E-05
-1.8	-2.1	4.94969E-05
-1.8	-2	0.000102596
-1.8	-1.9	0.00020523
-1.8	-1.8	0.000396197
-1.8	-1.7	0.000738139
-1.8	-1.6	0.001327164
-1.8	-1.5	0.002302868
-1.8	-1.4	0.00385631
-1.8	-1.3	0.006232083
-1.8	-1.2	0.009719696
-1.8	-1.1	0.014629515
-1.8	-1	0.021250234
-1.8	-0.9	0.029788692
-1.8	-0.8	0.040298411
-1.8	-0.7	0.052609593
-1.8	-0.6	0.066278385
-1.8	-0.5	0.080574865
-1.8	-0.4	0.094524943
-1.8	-0.3	0.107010247
-1.8	-0.2	0.116913819
-1.8	-0.1	0.123284082
-1.8	0	0.125482417
-1.8	0.1	0.123284082
-1.8	0.2	0.116913819
-1.8	0.3	0.107010247
-1.8	0.4	0.094524943
-1.8	0.5	0.080574865
-1.8	0.6	0.066278385
-1.8	0.7	0.052609593
-1.8	0.8	0.040298411
-1.8	0.9	0.029788692
-1.8	1	0.021250234
-1.8	1.1	0.014629515
-1.8	1.2	0.009719696
-1.8	1.3	0.006232083
-1.8	1.4	0.00385631
-1.8	1.5	0.002302868
-1.8	1.6	0.001327164
-1.8	1.7	0.000738139
-1.8	1.8	0.000396197
-1.8	1.9	0.00020523
-1.8	2	0.000102596
-1.8	2.1	4.94969E-05
-1.8	2.2	2.30454E-05
-1.8	2.3	1.0355E-05
-1.8	2.4	4.49026E-06
-1.8	2.5	1.87911E-06
-1.8	2.6	7.58914E-07
-1.8	2.7	2.95795E-07
-1.8	2.8	1.11262E-07
-1.8	2.9	4.03889E-08
-1.8	3	1.41493E-08
-1.7	-3	1.77018E-08
-1.7	-2.9	5.05294E-08
-1.7	-2.8	1.39197E-07
-1.7	-2.7	3.7006E-07
-1.7	-2.6	9.49455E-07
-1.7	-2.5	2.3509E-06
-1.7	-2.4	5.61763E-06
-1.7	-2.3	1.29548E-05
-1.7	-2.2	2.88314E-05
-1.7	-2.1	6.19242E-05
-1.7	-2	0.000128355
-1.7	-1.9	0.000256758
-1.7	-1.8	0.00049567
-1.7	-1.7	0.000923465
-1.7	-1.6	0.001660376
-1.7	-1.5	0.002881051
-1.7	-1.4	0.004824517
-1.7	-1.3	0.007796776
-1.7	-1.2	0.01216002
-1.7	-1.1	0.018302507
-1.7	-1	0.026585307
-1.7	-0.9	0.037266825
-1.7	-0.8	0.050413012
-1.7	-0.7	0.065809149
-1.7	-0.6	0.082895809
-1.7	-0.5	0.100754247
-1.7	-0.4	0.118161395
-1.7	-0.3	0.133719456
-1.7	-0.2	0.146042083
-1.7	-0.1	0.153958132
-1.7	0	0.156687842
-1.7	0.1	0.153958132
-1.7	0.2	0.146042083
-1.7	0.3	0.133719456
-1.7	0.4	0.118161395
-1.7	0.5	0.100754247
-1.7	0.6	0.082895809
-1.7	0.7	0.065809149
-1.7	0.8	0.050413012
-1.7	0.9	0.037266825
-1.7	1	0.026585307
-1.7	1.1	0.018302507
-1.7	1.2	0.01216002
-1.7	1.3	0.007796776
-1.7	1.4	0.004824517
-1.7	1.5	0.002881051
-1.7	1.6	0.001660376
-1.7	1.7	0.000923465
-1.7	1.8	0.00049567
-1.7	1.9	0.000256758
-1.7	2	0.000128355
-1.7	2.1	6.19242E-05
-1.7	2.2	2.88314E-05
-1.7	2.3	1.29548E-05
-1.7	2.4	5.61763E-06
-1.7	2.5	2.3509E-06
-1.7	2.6	9.49455E-07
-1.7	2.7	3.7006E-07
-1.7	2.8	1.39197E-07
-1.7	2.9	5.05294E-08
-1.7	3	1.77018E-08
-1.6	-3	2.18645E-08
-1.6	-2.9	6.24118E-08
-1.6	-2.8	1.7193E-07
-1.6	-2.7	4.57083E-07
-1.6	-2.6	1.17273E-06
-1.6	-2.5	2.90374E-06
-1.6	-2.4	6.93867E-06
-1.6	-2.3	1.60012E-05
-1.6	-2.2	3.56114E-05
-1.6	-2.1	7.64862E-05
-1.6	-2	0.000158539
-1.6	-1.9	0.000317137
-1.6	-1.8	0.000612232
-1.6	-1.7	0.001140626
-1.6	-1.6	0.002050829
-1.6	-1.5	0.003558557
-1.6	-1.4	0.005959047
-1.6	-1.3	0.009630257
-1.6	-1.2	0.015019538
-1.6	-1.1	0.02260639
-1.6	-1	0.032836546
-1.6	-0.9	0.04602836
-1.6	-0.8	0.062261045
-1.6	-0.7	0.081264275
-1.6	-0.6	0.102337835
-1.6	-0.5	0.12433452
-1.6	-0.4	0.145733791
-1.6	-0.3	0.164812199
-1.6	-0.2	0.179882039
-1.6	-0.1	0.18953996
-1.6	0	0.192865682
-1.6	0.1	0.18953996
-1.6	0.2	0.179882039
-1.6	0.3	0.164812199
-1.6	0.4	0.145733791
-1.6	0.5	0.12433452
-1.6	0.6	0.102337835
-1.6	0.7	0.081264275
-1.6	0.8	0.062261045
-1.6	0.9	0.04602836
-1.6	1	0.032836546
-1.6	1.1	0.02260639
-1.6	1.2	0.015019538
-1.6	1.3	0.009630257
-1.6	1.4	0.005959047
-1.6	1.5	0.003558557
-1.6	1.6	0.002050829
-1.6	1.7	0.001140626
-1.6	1.8	0.000612232
-1.6	1.9	0.000317137
-1.6	2	0.000158539
-1.6	2.1	7.64862E-05
-1.6	2.2	3.56114E-05
-1.6	2.3	1.60012E-05
-1.6	2.4	6.93867E-06
-1.6	2.5	2.90374E-06
-1.6	2.6	1.17273E-06
-1.6	2.7	4.57083E-07
-1.6	2.8	1.7193E-07
-1.6	2.9	6.24118E-08
-1.6	3	2.18645E-08
-1.5	-3	2.66627E-08
-1.5	-2.9	7.61081E-08
-1.5	-2.8	2.0966E-07
-1.5	-2.7	5.5739E-07
-1.5	-2.6	1.43008E-06
-1.5	-2.5	3.54097E-06
-1.5	-2.4	8.46137E-06
-1.5	-2.3	1.95127E-05
-1.5	-2.2	4.34263E-05
-1.5	-2.1	9.32711E-05
-1.5	-2	0.00019333
-1.5	-1.9	0.000386732
-1.5	-1.8	0.000746586
-1.5	-1.7	0.001390937
-1.5	-1.6	0.002500884
-1.5	-1.5	0.004339483
-1.5	-1.4	0.007266759
-1.5	-1.3	0.011743609
-1.5	-1.2	0.018315526
-1.5	-1.1	0.027567105
-1.5	-1	0.040041375
-1.5	-0.9	0.056124833
-1.5	-0.8	0.075909316
-1.5	-0.7	0.099054375
-1.5	-0.6	0.124686616
-1.5	-0.5	0.151380853
-1.5	-0.4	0.177262037
-1.5	-0.3	0.200234961
-1.5	-0.2	0.218293661
-1.5	-0.1	0.229818115
-1.5	0	0.233776647
-1.5	0.1	0.229818115
-1.5	0.2	0.218293661
-1.5	0.3	0.200234961
-1.5	0.4	0.177262037
-1.5	0.5	0.151380853
-1.5	0.6	0.124686616
-1.5	0.7	0.099054375
-1.5	0.8	0.075909316
-1.5	0.9	0.056124833
-1.5	1	0.040041375
-1.5	1.1	0.027567105
-1.5	1.2	0.018315526
-1.5	1.3	0.011743609
-1.5	1.4	0.007266759
-1.5	1.5	0.004339483
-1.5	1.6	0.002500884
-1.5	1.7	0.001390937
-1.5	1.8	0.000746586
-1.5	1.9	0.000386732
-1.5	2	0.00019333
-1.5	2.1	9.32711E-05
-1.5	2.2	4.34263E-05
-1.5	2.3	1.95127E-05
-1.5	2.4	8.46137E-06
-1.5	2.5	3.54097E-06
-1.5	2.6	1.43008E-06
-1.5	2.7	5.5739E-07
-1.5	2.8	2.0966E-07
-1.5	2.9	7.61081E-08
-1.5	3	2.66627E-08
-1.4	-3	3.21003E-08
-1.4	-2.9	9.16296E-08
-1.4	-2.8	2.52418E-07
-1.4	-2.7	6.71065E-07
-1.4	-2.6	1.72174E-06
-1.4	-2.5	4.26311E-06
-1.4	-2.4	1.0187E-05
-1.4	-2.3	2.34921E-05
-1.4	-2.2	5.22827E-05
-1.4	-2.1	0.000112293
-1.4	-2	0.000232758
-1.4	-1.9	0.000465603
-1.4	-1.8	0.000898845
-1.4	-1.7	0.001674605
-1.4	-1.6	0.003010915
-1.4	-1.5	0.005224479
-1.4	-1.4	0.008748744
-1.4	-1.3	0.014138591
-1.4	-1.2	0.022050705
-1.4	-1.1	0.033188639
-1.4	-1	0.04820513
-1.4	-0.9	0.067562058
-1.4	-0.8	0.091360471
-1.4	-0.7	0.119168888
-1.4	-0.6	0.149896765
-1.4	-0.5	0.181775812
-1.4	-0.4	0.212506935
-1.4	-0.3	0.239580528
-1.4	-0.2	0.26068574
-1.4	-0.1	0.274054736
-1.4	0	0.278626548
-1.4	0.1	0.274054736
-1.4	0.2	0.26068574
-1.4	0.3	0.239580528
-1.4	0.4	0.212506935
-1.4	0.5	0.181775812
-1.4	0.6	0.149896765
-1.4	0.7	0.119168888
-1.4	0.8	0.091360471
-1.4	0.9	0.067562058
-1.4	1	0.04820513
-1.4	1.1	0.033188639
-1.4	1.2	0.022050705
-1.4	1.3	0.014138591
-1.4	1.4	0.008748744
-1.4	1.5	0.005224479
-1.4	1.6	0.003010915
-1.4	1.7	0.001674605
-1.4	1.8	0.000898845
-1.4	1.9	0.000465603
-1.4	2	0.000232758
-1.4	2.1	0.000112293
-1.4	2.2	5.22827E-05
-1.4	2.3	2.34921E-05
-1.4	2.4	1.0187E-05
-1.4	2.5	4.26311E-06
-1.4	2.6	1.72174E-06
-1.4	2.7	6.71065E-07
-1.4	2.8	2.52418E-07
-1.4	2.9	9.16296E-08
-1.4	3	3.21003E-08
-1.3	-3	3.81553E-08
-1.3	-2.9	1.08914E-07
-1.3	-2.8	3.00032E-07
-1.3	-2.7	7.97647E-07
-1.3	-2.6	2.0465E-06
-1.3	-2.5	5.06726E-06
-1.3	-2.4	1.21085E-05
-1.3	-2.3	2.79234E-05
-1.3	-2.2	6.21447E-05
-1.3	-2.1	0.000133475
-1.3	-2	0.000276663
-1.3	-1.9	0.000553429
-1.3	-1.8	0.001068393
-1.3	-1.7	0.001990483
-1.3	-1.6	0.003578859
-1.3	-1.5	0.006209964
-1.3	-1.4	0.010399001
-1.3	-1.3	0.016805498
-1.3	-1.2	0.026209902
-1.3	-1.1	0.039447977
-1.3	-1	0.057293622
-1.3	-0.9	0.080289332
-1.3	-0.8	0.108537218
-1.3	-0.7	0.141483558
-1.3	-0.6	0.177758286
-1.3	-0.5	0.215160365
-1.3	-0.4	0.250878262
-1.3	-0.3	0.281953385
-1.3	-0.2	0.305836076
-1.3	-0.1	0.320770333
-1.3	0	0.325837571
-1.3	0.1	0.320770333
-1.3	0.2	0.305836076
-1.3	0.3	0.281953385
-1.3	0.4	0.250878262
-1.3	0.5	0.215160365
-1.3	0.6	0.177758286
-1.3	0.7	0.141483558
-1.3	0.8	0.108537218
-1.3	0.9	0.080289332
-1.3	1	0.057293622
-1.3	1.1	0.039447977
-1.3	1.2	0.026209902
-1.3	1.3	0.016805498
-1.3	1.4	0.010399001
-1.3	1.5	0.006209964
-1.3	1.6	0.003578859
-1.3	1.7	0.001990483
-1.3	1.8	0.001068393
-1.3	1.9	0.000553429
-1.3	2	0.000276663
-1.3	2.1	0.000133475
-1.3	2.2	6.21447E-05
-1.3	2.3	2.79234E-05
-1.3	2.4	1.21085E-05
-1.3	2.5	5.06726E-06
-1.3	2.6	2.0465E-06
-1.3	2.7	7.97647E-07
-1.3	2.8	3.00032E-07
-1.3	2.9	1.08914E-07
-1.3	3	3.81553E-08
-1.2	-3	4.47757E-08
-1.2	-2.9	1.27811E-07
-1.2	-2.8	3.5209E-07
-1.2	-2.7	9.36047E-07
-1.2	-2.6	2.40159E-06
-1.2	-2.5	5.94648E-06
-1.2	-2.4	1.42095E-05
-1.2	-2.3	3.27684E-05
-1.2	-2.2	7.29275E-05
-1.2	-2.1	0.000156634
-1.2	-2	0.000324667
-1.2	-1.9	0.000649455
-1.2	-1.8	0.00125377
-1.2	-1.7	0.002335854
-1.2	-1.6	0.00419983
-1.2	-1.5	0.007287459
-1.2	-1.4	0.012203332
-1.2	-1.3	0.019721377
-1.2	-1.2	0.030757264
-1.2	-1.1	0.046290879
-1.2	-1	0.067226892
-1.2	-0.9	0.094190298
-1.2	-0.8	0.127268757
-1.2	-0.7	0.165739462
-1.2	-0.6	0.207862706
-1.2	-0.5	0.250878262
-1.2	-0.4	0.291345995
-1.2	-0.3	0.325837571
-1.2	-0.2	0.351713167
-1.2	-0.1	0.367529205
-1.2	0	0.372819857
-1.2	0.1	0.367529205
-1.2	0.2	0.351713167
-1.2	0.3	0.325837571
-1.2	0.4	0.291345995
-1.2	0.5	0.250878262
-1.2	0.6	0.207862706
-1.2	0.7	0.165739462
-1.2	0.8	0.127268757
-1.2	0.9	0.094190298
-1.2	1	0.067226892
-1.2	1.1	0.046290879
-1.2	1.2	0.030757264
-1.2	1.3	0.019721377
-1.2	1.4	0.012203332
-1.2	1.5	0.007287459
-1.2	1.6	0.00419983
-1.2	1.7	0.002335854
-1.2	1.8	0.00125377
-1.2	1.9	0.000649455
-1.2	2	0.000324667
-1.2	2.1	0.000156634
-1.2	2.2	7.29275E-05
-1.2	2.3	3.27684E-05
-1.2	2.4	1.42095E-05
-1.2	2.5	5.94648E-06
-1.2	2.6	2.40159E-06
-1.2	2.7	9.36047E-07
-1.2	2.8	3.5209E-07
-1.2	2.9	1.27811E-07
-1.2	3	4.47757E-08
-1.1	-3	5.18765E-08
-1.1	-2.9	1.4808E-07
-1.1	-2.8	4.07927E-07
-1.1	-2.7	1.08449E-06
-1.1	-2.6	2.78245E-06
-1.1	-2.5	6.88951E-06
-1.1	-2.4	1.64629E-05
-1.1	-2.3	3.79651E-05
-1.1	-2.2	8.44928E-05
-1.1	-2.1	0.000181474
-1.1	-2	0.000376154
-1.1	-1.9	0.000752449
-1.1	-1.8	0.0014526
-1.1	-1.7	0.002706287
-1.1	-1.6	0.004865863
-1.1	-1.5	0.008443143
-1.1	-1.4	0.014138591
-1.1	-1.3	0.022848807
-1.1	-1.2	0.035634349
-1.1	-1.1	0.053628993
-1.1	-1	0.077874959
-1.1	-0.9	0.10907673
-1.1	-0.8	0.147281593
-1.1	-0.7	0.191528922
-1.1	-0.6	0.239580528
-1.1	-0.5	0.287939309
-1.1	-0.4	0.33238205
-1.1	-0.3	0.369010306
-1.1	-0.2	0.395359945
-1.1	-0.1	0.410799727
-1.1	0	0.415822836
-1.1	0.1	0.410799727
-1.1	0.2	0.395359945
-1.1	0.3	0.369010306
-1.1	0.4	0.33238205
-1.1	0.5	0.287939309
-1.1	0.6	0.239580528
-1.1	0.7	0.191528922
-1.1	0.8	0.147281593
-1.1	0.9	0.10907673
-1.1	1	0.077874959
-1.1	1.1	0.053628993
-1.1	1.2	0.035634349
-1.1	1.3	0.022848807
-1.1	1.4	0.014138591
-1.1	1.5	0.008443143
-1.1	1.6	0.004865863
-1.1	1.7	0.002706287
-1.1	1.8	0.0014526
-1.1	1.9	0.000752449
-1.1	2	0.000376154
-1.1	2.1	0.000181474
-1.1	2.2	8.44928E-05
-1.1	2.3	3.79651E-05
-1.1	2.4	1.64629E-05
-1.1	2.5	6.88951E-06
-1.1	2.6	2.78245E-06
-1.1	2.7	1.08449E-06
-1.1	2.8	4.07927E-07
-1.1	2.9	1.4808E-07
-1.1	3	5.18765E-08
-1	-3	5.93389E-08
-1	-2.9	1.69382E-07
-1	-2.8	4.66607E-07
-1	-2.7	1.2405E-06
-1	-2.6	3.18271E-06
-1	-2.5	7.88056E-06
-1	-2.4	1.88311E-05
-1	-2.3	4.34263E-05
-1	-2.2	9.66471E-05
-1	-2.1	0.000207579
-1	-2	0.000430264
-1	-1.9	0.000860689
-1	-1.8	0.001661557
-1	-1.7	0.003095587
-1	-1.6	0.005565818
-1	-1.5	0.009657689
-1	-1.4	0.016172408
-1	-1.3	0.026135459
-1	-1.2	0.040759443
-1	-1.1	0.061338837
-1	-1	0.089056361
-1	-0.9	0.124686616
-1	-0.8	0.168197328
-1	-0.7	0.218293661
-1	-0.6	0.272061278
-1	-0.5	0.325024031
-1	-0.4	0.371973247
-1	-0.3	0.40856676
-1	-0.2	0.432931657
-1	-0.1	0.446002751
-1	0	0.449987684
-1	0.1	0.446002751
-1	0.2	0.432931657
-1	0.3	0.40856676
-1	0.4	0.371973247
-1	0.5	0.325024031
-1	0.6	0.272061278
-1	0.7	0.218293661
-1	0.8	0.168197328
-1	0.9	0.124686616
-1	1	0.089056361
-1	1.1	0.061338837
-1	1.2	0.040759443
-1	1.3	0.026135459
-1	1.4	0.016172408
-1	1.5	0.009657689
-1	1.6	0.005565818
-1	1.7	0.003095587
-1	1.8	0.001661557
-1	1.9	0.000860689
-1	2	0.000430264
-1	2.1	0.000207579
-1	2.2	9.66471E-05
-1	2.3	4.34263E-05
-1	2.4	1.88311E-05
-1	2.5	7.88056E-06
-1	2.6	3.18271E-06
-1	2.7	1.2405E-06
-1	2.8	4.66607E-07
-1	2.9	1.69382E-07
-1	3	5.93389E-08
-0.9	-3	6.70116E-08
-0.9	-2.9	1.91283E-07
-0.9	-2.8	5.26941E-07
-0.9	-2.7	1.40089E-06
-0.9	-2.6	3.59424E-06
-0.9	-2.5	8.89954E-06
-0.9	-2.4	2.1266E-05
-0.9	-2.3	4.90415E-05
-0.9	-2.2	0.000109144
-0.9	-2.1	0.000234419
-0.9	-2	0.000485898
-0.9	-1.9	0.000971978
-0.9	-1.8	0.0018764
-0.9	-1.7	0.003495853
-0.9	-1.6	0.006285491
-0.9	-1.5	0.010906446
-0.9	-1.4	0.018263504
-0.9	-1.3	0.029514602
-0.9	-1.2	0.04602836
-0.9	-1.1	0.069263045
-0.9	-1	0.100540193
-0.9	-0.9	0.140687778
-0.9	-0.8	0.18953996
-0.9	-0.7	0.245340794
-0.9	-0.6	0.304268455
-0.9	-0.5	0.360554878
-0.9	-0.4	0.40775164
-0.9	-0.3	0.441130524
-0.9	-0.2	0.459993308
-0.9	-0.1	0.467878046
-0.9	0	0.469740213
-0.9	0.1	0.467878046
-0.9	0.2	0.459993308
-0.9	0.3	0.441130524
-0.9	0.4	0.40775164
-0.9	0.5	0.360554878
-0.9	0.6	0.304268455
-0.9	0.7	0.245340794
-0.9	0.8	0.18953996
-0.9	0.9	0.140687778
-0.9	1	0.100540193
-0.9	1.1	0.069263045
-0.9	1.2	0.04602836
-0.9	1.3	0.029514602
-0.9	1.4	0.018263504
-0.9	1.5	0.010906446
-0.9	1.6	0.006285491
-0.9	1.7	0.003495853
-0.9	1.8	0.0018764
-0.9	1.9	0.000971978
-0.9	2	0.000485898
-0.9	2.1	0.000234419
-0.9	2.2	0.000109144
-0.9	2.3	4.90415E-05
-0.9	2.4	2.1266E-05
-0.9	2.5	8.89954E-06
-0.9	2.6	3.59424E-06
-0.9	2.7	1.40089E-06
-0.9	2.8	5.26941E-07
-0.9	2.9	1.91283E-07
-0.9	3	6.70116E-08
-0.8	-3	7.47139E-08
-0.8	-2.9	2.13269E-07
-0.8	-2.8	5.87507E-07
-0.8	-2.7	1.56191E-06
-0.8	-2.6	4.00736E-06
-0.8	-2.5	9.92245E-06
-0.8	-2.4	2.37103E-05
-0.8	-2.3	5.46783E-05
-0.8	-2.2	0.000121689
-0.8	-2.1	0.000261363
-0.8	-2	0.000541747
-0.8	-1.9	0.001083696
-0.8	-1.8	0.002092073
-0.8	-1.7	0.003897664
-0.8	-1.6	0.00700794
-0.8	-1.5	0.01216002
-0.8	-1.4	0.020362651
-0.8	-1.3	0.032906664
-0.8	-1.2	0.051316897
-0.8	-1.1	0.077214176
-0.8	-1	0.112052065
-0.8	-0.9	0.156687842
-0.8	-0.8	0.210754436
-0.8	-0.7	0.271880607
-0.8	-0.6	0.335058163
-0.8	-0.5	0.392852059
-0.8	-0.4	0.437275483
-0.8	-0.3	0.463303702
-0.8	-0.2	0.472152985
-0.8	-0.1	0.471262875
-0.8	0	0.469625105
-0.8	0.1	0.471262875
-0.8	0.2	0.472152985
-0.8	0.3	0.463303702
-0.8	0.4	0.437275483
-0.8	0.5	0.392852059
-0.8	0.6	0.335058163
-0.8	0.7	0.271880607
-0.8	0.8	0.210754436
-0.8	0.9	0.156687842
-0.8	1	0.112052065
-0.8	1.1	0.077214176
-0.8	1.2	0.051316897
-0.8	1.3	0.032906664
-0.8	1.4	0.020362651
-0.8	1.5	0.01216002
-0.8	1.6	0.00700794
-0.8	1.7	0.003897664
-0.8	1.8	0.002092073
-0.8	1.9	0.001083696
-0.8	2	0.000541747
-0.8	2.1	0.000261363
-0.8	2.2	0.000121689
-0.8	2.3	5.46783E-05
-0.8	2.4	2.37103E-05
-0.8	2.5	9.92245E-06
-0.8	2.6	4.00736E-06
-0.8	2.7	1.56191E-06
-0.8	2.8	5.87507E-07
-0.8	2.9	2.13269E-07
-0.8	3	7.47139E-08
-0.7	-3	8.2242E-08
-0.7	-2.9	2.34758E-07
-0.7	-2.8	6.46704E-07
-0.7	-2.7	1.71929E-06
-0.7	-2.6	4.41114E-06
-0.7	-2.5	1.09222E-05
-0.7	-2.4	2.60994E-05
-0.7	-2.3	6.01876E-05
-0.7	-2.2	0.00013395
-0.7	-2.1	0.000287698
-0.7	-2	0.000596333
-0.7	-1.9	0.001192888
-0.7	-1.8	0.002302868
-0.7	-1.7	0.004290389
-0.7	-1.6	0.007714053
-0.7	-1.5	0.013385244
-0.7	-1.4	0.02241431
-0.7	-1.3	0.036221878
-0.7	-1.2	0.05648499
-0.7	-1.1	0.084981121
-0.7	-1	0.123284082
-0.7	-0.9	0.172250637
-0.7	-0.8	0.231236409
-0.7	-0.7	0.297085769
-0.7	-0.6	0.363300318
-0.7	-0.5	0.420371338
-0.7	-0.4	0.458455566
-0.7	-0.3	0.472347752
-0.7	-0.2	0.466018265
-0.7	-0.1	0.452266759
-0.7	0	0.445564349
-0.7	0.1	0.452266759
-0.7	0.2	0.466018265
-0.7	0.3	0.472347752
-0.7	0.4	0.458455566
-0.7	0.5	0.420371338
-0.7	0.6	0.363300318
-0.7	0.7	0.297085769
-0.7	0.8	0.231236409
-0.7	0.9	0.172250637
-0.7	1	0.123284082
-0.7	1.1	0.084981121
-0.7	1.2	0.05648499
-0.7	1.3	0.036221878
-0.7	1.4	0.02241431
-0.7	1.5	0.013385244
-0.7	1.6	0.007714053
-0.7	1.7	0.004290389
-0.7	1.8	0.002302868
-0.7	1.9	0.001192888
-0.7	2	0.000596333
-0.7	2.1	0.000287698
-0.7	2.2	0.00013395
-0.7	2.3	6.01876E-05
-0.7	2.4	2.60994E-05
-0.7	2.5	1.09222E-05
-0.7	2.6	4.41114E-06
-0.7	2.7	1.71929E-06
-0.7	2.8	6.46704E-07
-0.7	2.9	2.34758E-07
-0.7	3	8.2242E-08
-0.6	-3	8.93772E-08
-0.6	-2.9	2.55125E-07
-0.6	-2.8	7.02811E-07
-0.6	-2.7	1.86845E-06
-0.6	-2.6	4.79384E-06
-0.6	-2.5	1.18698E-05
-0.6	-2.4	2.83637E-05
-0.6	-2.3	6.54094E-05
-0.6	-2.2	0.000145571
-0.6	-2.1	0.000312658
-0.6	-2	0.00064807
-0.6	-1.9	0.001296382
-0.6	-1.8	0.002502663
-0.6	-1.7	0.004662619
-0.6	-1.6	0.008383316
-0.6	-1.5	0.014546526
-0.6	-1.4	0.024358878
-0.6	-1.3	0.039363927
-0.6	-1.2	0.061382441
-0.6	-1.1	0.092337901
-0.6	-1	0.133908388
-0.6	-0.9	0.186918012
-0.6	-0.8	0.250370591
-0.6	-0.7	0.320165104
-0.6	-0.6	0.388025844
-0.6	-0.5	0.441988286
-0.6	-0.4	0.470060247
-0.6	-0.3	0.466985984
-0.6	-0.2	0.440320456
-0.6	-0.1	0.409650555
-0.6	0	0.396333932
-0.6	0.1	0.409650555
-0.6	0.2	0.440320456
-0.6	0.3	0.466985984
-0.6	0.4	0.470060247
-0.6	0.5	0.441988286
-0.6	0.6	0.388025844
-0.6	0.7	0.320165104
-0.6	0.8	0.250370591
-0.6	0.9	0.186918012
-0.6	1	0.133908388
-0.6	1.1	0.092337901
-0.6	1.2	0.061382441
-0.6	1.3	0.039363927
-0.6	1.4	0.024358878
-0.6	1.5	0.014546526
-0.6	1.6	0.008383316
-0.6	1.7	0.004662619
-0.6	1.8	0.002502663
-0.6	1.9	0.001296382
-0.6	2	0.00064807
-0.6	2.1	0.000312658
-0.6	2.2	0.000145571
-0.6	2.3	6.54094E-05
-0.6	2.4	2.83637E-05
-0.6	2.5	1.18698E-05
-0.6	2.6	4.79384E-06
-0.6	2.7	1.86845E-06
-0.6	2.8	7.02811E-07
-0.6	2.9	2.55125E-07
-0.6	3	8.93772E-08
-0.5	-3	9.58962E-08
-0.5	-2.9	2.73733E-07
-0.5	-2.8	7.54072E-07
-0.5	-2.7	2.00473E-06
-0.5	-2.6	5.14349E-06
-0.5	-2.5	1.27356E-05
-0.5	-2.4	3.04325E-05
-0.5	-2.3	7.01802E-05
-0.5	-2.2	0.000156189
-0.5	-2.1	0.000335463
-0.5	-2	0.000695339
-0.5	-1.9	0.001390937
-0.5	-1.8	0.0026852
-0.5	-1.7	0.005002698
-0.5	-1.6	0.008994771
-0.5	-1.5	0.015607499
-0.5	-1.4	0.026135459
-0.5	-1.3	0.042234418
-0.5	-1.2	0.065855923
-0.5	-1.1	0.099054375
-0.5	-1	0.143593383
-0.5	-0.9	0.200234961
-0.5	-0.8	0.267572274
-0.5	-0.7	0.34043803
-0.5	-0.6	0.40856676
-0.5	-0.5	0.457258445
-0.5	-0.4	0.472167073
-0.5	-0.3	0.448111737
-0.5	-0.2	0.396899502
-0.5	-0.1	0.346030202
-0.5	0	0.324851365
-0.5	0.1	0.346030202
-0.5	0.2	0.396899502
-0.5	0.3	0.448111737
-0.5	0.4	0.472167073
-0.5	0.5	0.457258445
-0.5	0.6	0.40856676
-0.5	0.7	0.34043803
-0.5	0.8	0.267572274
-0.5	0.9	0.200234961
-0.5	1	0.143593383
-0.5	1.1	0.099054375
-0.5	1.2	0.065855923
-0.5	1.3	0.042234418
-0.5	1.4	0.026135459
-0.5	1.5	0.015607499
-0.5	1.6	0.008994771
-0.5	1.7	0.005002698
-0.5	1.8	0.0026852
-0.5	1.9	0.001390937
-0.5	2	0.000695339
-0.5	2.1	0.000335463
-0.5	2.2	0.000156189
-0.5	2.3	7.01802E-05
-0.5	2.4	3.04325E-05
-0.5	2.5	1.27356E-05
-0.5	2.6	5.14349E-06
-0.5	2.7	2.00473E-06
-0.5	2.8	7.54072E-07
-0.5	2.9	2.73733E-07
-0.5	3	9.58962E-08
-0.4	-3	1.01582E-07
-0.4	-2.9	2.89963E-07
-0.4	-2.8	7.98782E-07
-0.4	-2.7	2.1236E-06
-0.4	-2.6	5.44846E-06
-0.4	-2.5	1.34907E-05
-0.4	-2.4	3.22369E-05
-0.4	-2.3	7.43413E-05
-0.4	-2.2	0.00016545
-0.4	-2.1	0.000355353
-0.4	-2	0.000736566
-0.4	-1.9	0.001473407
-0.4	-1.8	0.002844409
-0.4	-1.7	0.005299314
-0.4	-1.6	0.009528081
-0.4	-1.5	0.016532874
-0.4	-1.4	0.027684969
-0.4	-1.3	0.044737911
-0.4	-1.2	0.069756837
-0.4	-1.1	0.104908116
-0.4	-1	0.152021234
-0.4	-0.9	0.211775131
-0.4	-0.8	0.282324834
-0.4	-0.7	0.357391546
-0.4	-0.6	0.424646379
-0.4	-0.5	0.466562679
-0.4	-0.4	0.466391474
-0.4	-0.3	0.419125529
-0.4	-0.2	0.341156241
-0.4	-0.1	0.268419252
-0.4	0	0.238752649
-0.4	0.1	0.268419252
-0.4	0.2	0.341156241
-0.4	0.3	0.419125529
-0.4	0.4	0.466391474
-0.4	0.5	0.466562679
-0.4	0.6	0.424646379
-0.4	0.7	0.357391546
-0.4	0.8	0.282324834
-0.4	0.9	0.211775131
-0.4	1	0.152021234
-0.4	1.1	0.104908116
-0.4	1.2	0.069756837
-0.4	1.3	0.044737911
-0.4	1.4	0.027684969
-0.4	1.5	0.016532874
-0.4	1.6	0.009528081
-0.4	1.7	0.005299314
-0.4	1.8	0.002844409
-0.4	1.9	0.001473407
-0.4	2	0.000736566
-0.4	2.1	0.000355353
-0.4	2.2	0.00016545
-0.4	2.3	7.43413E-05
-0.4	2.4	3.22369E-05
-0.4	2.5	1.34907E-05
-0.4	2.6	5.44846E-06
-0.4	2.7	2.1236E-06
-0.4	2.8	7.98782E-07
-0.4	2.9	2.89963E-07
-0.4	3	1.01582E-07
-0.3	-3	1.06236E-07
-0.3	-2.9	3.03249E-07
-0.3	-2.8	8.35381E-07
-0.3	-2.7	2.2209E-06
-0.3	-2.6	5.6981E-06
-0.3	-2.5	1.41088E-05
-0.3	-2.4	3.37139E-05
-0.3	-2.3	7.77475E-05
-0.3	-2.2	0.00017303
-0.3	-2.1	0.000371634
-0.3	-2	0.000770315
-0.3	-1.9	0.001540917
-0.3	-1.8	0.002974736
-0.3	-1.7	0.005542121
-0.3	-1.6	0.009964644
-0.3	-1.5	0.017290377
-0.3	-1.4	0.028953369
-0.3	-1.3	0.04678714
-0.3	-1.2	0.072949436
-0.3	-1.1	0.10969656
-0.3	-1	0.158905144
-0.3	-0.9	0.221163653
-0.3	-0.8	0.2942063
-0.3	-0.7	0.370703344
-0.3	-0.6	0.436381889
-0.3	-0.5	0.471058854
-0.3	-0.4	0.455746213
-0.3	-0.3	0.385663154
-0.3	-0.2	0.281634382
-0.3	-0.1	0.187693464
-0.3	0	0.14981163
-0.3	0.1	0.187693464
-0.3	0.2	0.281634382
-0.3	0.3	0.385663154
-0.3	0.4	0.455746213
-0.3	0.5	0.471058854
-0.3	0.6	0.436381889
-0.3	0.7	0.370703344
-0.3	0.8	0.2942063
-0.3	0.9	0.221163653
-0.3	1	0.158905144
-0.3	1.1	0.10969656
-0.3	1.2	0.072949436
-0.3	1.3	0.04678714
-0.3	1.4	0.028953369
-0.3	1.5	0.017290377
-0.3	1.6	0.009964644
-0.3	1.7	0.005542121
-0.3	1.8	0.002974736
-0.3	1.9	0.001540917
-0.3	2	0.000770315
-0.3	2.1	0.000371634
-0.3	2.2	0.00017303
-0.3	2.3	7.77475E-05
-0.3	2.4	3.37139E-05
-0.3	2.5	1.41088E-05
-0.3	2.6	5.6981E-06
-0.3	2.7	2.2209E-06
-0.3	2.8	8.35381E-07
-0.3	2.9	3.03249E-07
-0.3	3	1.06236E-07
-0.2	-3	1.09691E-07
-0.2	-2.9	3.1311E-07
-0.2	-2.8	8.62546E-07
-0.2	-2.7	2.29311E-06
-0.2	-2.6	5.88339E-06
-0.2	-2.5	1.45676E-05
-0.2	-2.4	3.48102E-05
-0.2	-2.3	8.02756E-05
-0.2	-2.2	0.000178657
-0.2	-2.1	0.000383719
-0.2	-2	0.000795364
-0.2	-1.9	0.001591023
-0.2	-1.8	0.003071467
-0.2	-1.7	0.005722337
-0.2	-1.6	0.010288668
-0.2	-1.5	0.017852608
-0.2	-1.4	0.029894787
-0.2	-1.3	0.048308042
-0.2	-1.2	0.075318619
-0.2	-1.1	0.113248474
-0.2	-1	0.164004921
-0.2	-0.9	0.228094977
-0.2	-0.8	0.302900992
-0.2	-0.7	0.380223467
-0.2	-0.6	0.444184509
-0.2	-0.5	0.47241151
-0.2	-0.4	0.444081583
-0.2	-0.3	0.354635556
-0.2	-0.2	0.228621487
-0.2	-0.1	0.116841771
-0.2	0	0.07205649
-0.2	0.1	0.116841771
-0.2	0.2	0.228621487
-0.2	0.3	0.354635556
-0.2	0.4	0.444081583
-0.2	0.5	0.47241151
-0.2	0.6	0.444184509
-0.2	0.7	0.380223467
-0.2	0.8	0.302900992
-0.2	0.9	0.228094977
-0.2	1	0.164004921
-0.2	1.1	0.113248474
-0.2	1.2	0.075318619
-0.2	1.3	0.048308042
-0.2	1.4	0.029894787
-0.2	1.5	0.017852608
-0.2	1.6	0.010288668
-0.2	1.7	0.005722337
-0.2	1.8	0.003071467
-0.2	1.9	0.001591023
-0.2	2	0.000795364
-0.2	2.1	0.000383719
-0.2	2.2	0.000178657
-0.2	2.3	8.02756E-05
-0.2	2.4	3.48102E-05
-0.2	2.5	1.45676E-05
-0.2	2.6	5.88339E-06
-0.2	2.7	2.29311E-06
-0.2	2.8	8.62546E-07
-0.2	2.9	3.1311E-07
-0.2	3	1.09691E-07
-0.1	-3	1.11817E-07
-0.1	-2.9	3.1918E-07
-0.1	-2.8	8.79267E-07
-0.1	-2.7	2.33757E-06
-0.1	-2.6	5.99744E-06
-0.1	-2.5	1.485E-05
-0.1	-2.4	3.5485E-05
-0.1	-2.3	8.18318E-05
-0.1	-2.2	0.00018212
-0.1	-2.1	0.000391158
-0.1	-2	0.000810782
-0.1	-1.9	0.001621866
-0.1	-1.8	0.003131009
-0.1	-1.7	0.005833267
-0.1	-1.6	0.010488118
-0.1	-1.5	0.018198683
-0.1	-1.4	0.030474264
-0.1	-1.3	0.049244189
-0.1	-1.2	0.07677676
-0.1	-1.1	0.115433853
-0.1	-1	0.167139721
-0.1	-0.9	0.232344796
-0.1	-0.8	0.308196997
-0.1	-0.7	0.38592096
-0.1	-0.6	0.448577673
-0.1	-0.5	0.47234845
-0.1	-0.4	0.435202887
-0.1	-0.3	0.332742427
-0.1	-0.2	0.192002383
-0.1	-0.1	0.068293936
-0.1	0	0.018895535
-0.1	0.1	0.068293936
-0.1	0.2	0.192002383
-0.1	0.3	0.332742427
-0.1	0.4	0.435202887
-0.1	0.5	0.47234845
-0.1	0.6	0.448577673
-0.1	0.7	0.38592096
-0.1	0.8	0.308196997
-0.1	0.9	0.232344796
-0.1	1	0.167139721
-0.1	1.1	0.115433853
-0.1	1.2	0.07677676
-0.1	1.3	0.049244189
-0.1	1.4	0.030474264
-0.1	1.5	0.018198683
-0.1	1.6	0.010488118
-0.1	1.7	0.005833267
-0.1	1.8	0.003131009
-0.1	1.9	0.001621866
-0.1	2	0.000810782
-0.1	2.1	0.000391158
-0.1	2.2	0.00018212
-0.1	2.3	8.18318E-05
-0.1	2.4	3.5485E-05
-0.1	2.5	1.485E-05
-0.1	2.6	5.99744E-06
-0.1	2.7	2.33757E-06
-0.1	2.8	8.79267E-07
-0.1	2.9	3.1918E-07
-0.1	3	1.11817E-07
0	-3	1.12535E-07
0	-2.9	3.21229E-07
0	-2.8	8.84912E-07
0	-2.7	2.35258E-06
0	-2.6	6.03595E-06
0	-2.5	1.49453E-05
0	-2.4	3.57128E-05
0	-2.3	8.23572E-05
0	-2.2	0.000183289
0	-2.1	0.000393669
0	-2	0.000815988
0	-1.9	0.001632279
0	-1.8	0.003151111
0	-1.7	0.00587072
0	-1.6	0.010555457
0	-1.5	0.018315526
0	-1.4	0.030669908
0	-1.3	0.049560248
0	-1.2	0.077269028
0	-1.1	0.116171513
0	-1	0.168197328
0	-0.9	0.233776647
0	-0.8	0.309975051
0	-0.7	0.387815513
0	-0.6	0.449987684
0	-0.5	0.472167073
0	-0.4	0.431901635
0	-0.3	0.324851365
0	-0.2	0.178926246
0	-0.1	0.051020913
0	0	0
0	0.1	0.051020913
0	0.2	0.178926246
0	0.3	0.324851365
0	0.4	0.431901635
0	0.5	0.472167073
0	0.6	0.449987684
0	0.7	0.387815513
0	0.8	0.309975051
0	0.9	0.233776647
0	1	0.168197328
0	1.1	0.116171513
0	1.2	0.077269028
0	1.3	0.049560248
0	1.4	0.030669908
0	1.5	0.018315526
0	1.6	0.010555457
0	1.7	0.00587072
0	1.8	0.003151111
0	1.9	0.001632279
0	2	0.000815988
0	2.1	0.000393669
0	2.2	0.000183289
0	2.3	8.23572E-05
0	2.4	3.57128E-05
0	2.5	1.49453E-05
0	2.6	6.03595E-06
0	2.7	2.35258E-06
0	2.8	8.84912E-07
0	2.9	3.21229E-07
0	3	1.12535E-07
0.1	-3	1.11817E-07
0.1	-2.9	3.1918E-07
0.1	-2.8	8.79267E-07
0.1	-2.7	2.33757E-06
0.1	-2.6	5.99744E-06
0.1	-2.5	1.485E-05
0.1	-2.4	3.5485E-05
0.1	-2.3	8.18318E-05
0.1	-2.2	0.00018212
0.1	-2.1	0.000391158
0.1	-2	0.000810782
0.1	-1.9	0.001621866
0.1	-1.8	0.003131009
0.1	-1.7	0.005833267
0.1	-1.6	0.010488118
0.1	-1.5	0.018198683
0.1	-1.4	0.030474264
0.1	-1.3	0.049244189
0.1	-1.2	0.07677676
0.1	-1.1	0.115433853
0.1	-1	0.167139721
0.1	-0.9	0.232344796
0.1	-0.8	0.308196997
0.1	-0.7	0.38592096
0.1	-0.6	0.448577673
0.1	-0.5	0.47234845
0.1	-0.4	0.435202887
0.1	-0.3	0.332742427
0.1	-0.2	0.192002383
0.1	-0.1	0.068293936
0.1	0	0.018895535
0.1	0.1	0.068293936
0.1	0.2	0.192002383
0.1	0.3	0.332742427
0.1	0.4	0.435202887
0.1	0.5	0.47234845
0.1	0.6	0.448577673
0.1	0.7	0.38592096
0.1	0.8	0.308196997
0.1	0.9	0.232344796
0.1	1	0.167139721
0.1	1.1	0.115433853
0.1	1.2	0.07677676
0.1	1.3	0.049244189
0.1	1.4	0.030474264
0.1	1.5	0.018198683
0.1	1.6	0.010488118
0.1	1.7	0.005833267
0.1	1.8	0.003131009
0.1	1.9	0.001621866
0.1	2	0.000810782
0.1	2.1	0.000391158
0.1	2.2	0.00018212
0.1	2.3	8.18318E-05
0.1	2.4	3.5485E-05
0.1	2.5	1.485E-05
0.1	2.6	5.99744E-06
0.1	2.7	2.33757E-06
0.1	2.8	8.79267E-07
0.1	2.9	3.1918E-07
0.1	3	1.11817E-07
0.2	-3	1.09691E-07
0.2	-2.9	3.1311E-07
0.2	-2.8	8.62546E-07
0.2	-2.7	2.29311E-06
0.2	-2.6	5.88339E-06
0.2	-2.5	1.45676E-05
0.2	-2.4	3.48102E-05
0.2	-2.3	8.02756E-05
0.2	-2.2	0.000178657
0.2	-2.1	0.000383719
0.2	-2	0.000795364
0.2	-1.9	0.001591023
0.2	-1.8	0.003071467
0.2	-1.7	0.005722337
0.2	-1.6	0.010288668
0.2	-1.5	0.017852608
0.2	-1.4	0.029894787
0.2	-1.3	0.048308042
0.2	-1.2	0.075318619
0.2	-1.1	0.113248474
0.2	-1	0.164004921
0.2	-0.9	0.228094977
0.2	-0.8	0.302900992
0.2	-0.7	0.380223467
0.2	-0.6	0.444184509
0.2	-0.5	0.47241151
0.2	-0.4	0.444081583
0.2	-0.3	0.354635556
0.2	-0.2	0.228621487
0.2	-0.1	0.116841771
0.2	0	0.07205649
0.2	0.1	0.116841771
0.2	0.2	0.228621487
0.2	0.3	0.354635556
0.2	0.4	0.444081583
0.2	0.5	0.47241151
0.2	0.6	0.444184509
0.2	0.7	0.380223467
0.2	0.8	0.302900992
0.2	0.9	0.228094977
0.2	1	0.164004921
0.2	1.1	0.113248474
0.2	1.2	0.075318619
0.2	1.3	0.048308042
0.2	1.4	0.029894787
0.2	1.5	0.017852608
0.2	1.6	0.010288668
0.2	1.7	0.005722337
0.2	1.8	0.003071467
0.2	1.9	0.001591023
0.2	2	0.000795364
0.2	2.1	0.000383719
0.2	2.2	0.000178657
0.2	2.3	8.02756E-05
0.2	2.4	3.48102E-05
0.2	2.5	1.45676E-05
0.2	2.6	5.88339E-06
0.2	2.7	2.29311E-06
0.2	2.8	8.62546E-07
0.2	2.9	3.1311E-07
0.2	3	1.09691E-07
0.3	-3	1.06236E-07
0.3	-2.9	3.03249E-07
0.3	-2.8	8.35381E-07
0.3	-2.7	2.2209E-06
0.3	-2.6	5.6981E-06
0.3	-2.5	1.41088E-05
0.3	-2.4	3.37139E-05
0.3	-2.3	7.77475E-05
0.3	-2.2	0.00017303
0.3	-2.1	0.000371634
0.3	-2	0.000770315
0.3	-1.9	0.001540917
0.3	-1.8	0.002974736
0.3	-1.7	0.005542121
0.3	-1.6	0.009964644
0.3	-1.5	0.017290377
0.3	-1.4	0.028953369
0.3	-1.3	0.04678714
0.3	-1.2	0.072949436
0.3	-1.1	0.10969656
0.3	-1	0.158905144
0.3	-0.9	0.221163653
0.3	-0.8	0.2942063
0.3	-0.7	0.370703344
0.3	-0.6	0.436381889
0.3	-0.5	0.471058854
0.3	-0.4	0.455746213
0.3	-0.3	0.385663154
0.3	-0.2	0.281634382
0.3	-0.1	0.187693464
0.3	0	0.14981163
0.3	0.1	0.187693464
0.3	0.2	0.281634382
0.3	0.3	0.385663154
0.3	0.4	0.455746213
0.3	0.5	0.471058854
0.3	0.6	0.436381889
0.3	0.7	0.370703344
0.3	0.8	0.2942063
0.3	0.9	0.221163653
0.3	1	0.158905144
0.3	1.1	0.10969656
0.3	1.2	0.072949436
0.3	1.3	0.04678714
0.3	1.4	0.028953369
0.3	1.5	0.017290377
0.3	1.6	0.009964644
0.3	1.7	0.005542121
0.3	1.8	0.002974736
0.3	1.9	0.001540917
0.3	2	0.000770315
0.3	2.1	0.000371634
0.3	2.2	0.00017303
0.3	2.3	7.77475E-05
0.3	2.4	3.37139E-05
0.3	2.5	1.41088E-05
0.3	2.6	5.6981E-06
0.3	2.7	2.2209E-06
0.3	2.8	8.35381E-07
0.3	2.9	3.03249E-07
0.3	3	1.06236E-07
0.4	-3	1.01582E-07
0.4	-2.9	2.89963E-07
0.4	-2.8	7.98782E-07
0.4	-2.7	2.1236E-06
0.4	-2.6	5.44846E-06
0.4	-2.5	1.34907E-05
0.4	-2.4	3.22369E-05
0.4	-2.3	7.43413E-05
0.4	-2.2	0.00016545
0.4	-2.1	0.000355353
0.4	-2	0.000736566
0.4	-1.9	0.001473407
0.4	-1.8	0.002844409
0.4	-1.7	0.005299314
0.4	-1.6	0.009528081
0.4	-1.5	0.016532874
0.4	-1.4	0.027684969
0.4	-1.3	0.044737911
0.4	-1.2	0.069756837
0.4	-1.1	0.104908116
0.4	-1	0.152021234
0.4	-0.9	0.211775131
0.4	-0.8	0.282324834
0.4	-0.7	0.357391546
0.4	-0.6	0.424646379
0.4	-0.5	0.466562679
0.4	-0.4	0.466391474
0.4	-0.3	0.419125529
0.4	-0.2	0.341156241
0.4	-0.1	0.268419252
0.4	0	0.238752649
0.4	0.1	0.268419252
0.4	0.2	0.341156241
0.4	0.3	0.419125529
0.4	0.4	0.466391474
0.4	0.5	0.466562679
0.4	0.6	0.424646379
0.4	0.7	0.357391546
0.4	0.8	0.282324834
0.4	0.9	0.211775131
0.4	1	0.152021234
0.4	1.1	0.104908116
0.4	1.2	0.069756837
0.4	1.3	0.044737911
0.4	1.4	0.027684969
0.4	1.5	0.016532874
0.4	1.6	0.009528081
0.4	1.7	0.005299314
0.4	1.8	0.002844409
0.4	1.9	0.001473407
0.4	2	0.000736566
0.4	2.1	0.000355353
0.4	2.2	0.00016545
0.4	2.3	7.43413E-05
0.4	2.4	3.22369E-05
0.4	2.5	1.34907E-05
0.4	2.6	5.44846E-06
0.4	2.7	2.1236E-06
0.4	2.8	7.98782E-07
0.4	2.9	2.89963E-07
0.4	3	1.01582E-07
0.5	-3	9.58962E-08
0.5	-2.9	2.73733E-07
0.5	-2.8	7.54072E-07
0.5	-2.7	2.00473E-06
0.5	-2.6	5.14349E-06
0.5	-2.5	1.27356E-05
0.5	-2.4	3.04325E-05
0.5	-2.3	7.01802E-05
0.5	-2.2	0.000156189
0.5	-2.1	0.000335463
0.5	-2	0.000695339
0.5	-1.9	0.001390937
0.5	-1.8	0.0026852
0.5	-1.7	0.005002698
0.5	-1.6	0.008994771
0.5	-1.5	0.015607499
0.5	-1.4	0.026135459
0.5	-1.3	0.042234418
0.5	-1.2	0.065855923
0.5	-1.1	0.099054375
0.5	-1	0.143593383
0.5	-0.9	0.200234961
0.5	-0.8	0.267572274
0.5	-0.7	0.34043803
0.5	-0.6	0.40856676
0.5	-0.5	0.457258445
0.5	-0.4	0.472167073
0.5	-0.3	0.448111737
0.5	-0.2	0.396899502
0.5	-0.1	0.346030202
0.5	0	0.324851365
0.5	0.1	0.346030202
0.5	0.2	0.396899502
0.5	0.3	0.448111737
0.5	0.4	0.472167073
0.5	0.5	0.457258445
0.5	0.6	0.40856676
0.5	0.7	0.34043803
0.5	0.8	0.267572274
0.5	0.9	0.200234961
0.5	1	0.143593383
0.5	1.1	0.099054375
0.5	1.2	0.065855923
0.5	1.3	0.042234418
0.5	1.4	0.026135459
0.5	1.5	0.015607499
0.5	1.6	0.008994771
0.5	1.7	0.005002698
0.5	1.8	0.0026852
0.5	1.9	0.001390937
0.5	2	0.000695339
0.5	2.1	0.000335463
0.5	2.2	0.000156189
0.5	2.3	7.01802E-05
0.5	2.4	3.04325E-05
0.5	2.5	1.27356E-05
0.5	2.6	5.14349E-06
0.5	2.7	2.00473E-06
0.5	2.8	7.54072E-07
0.5	2.9	2.73733E-07
0.5	3	9.58962E-08
0.6	-3	8.93772E-08
0.6	-2.9	2.55125E-07
0.6	-2.8	7.02811E-07
0.6	-2.7	1.86845E-06
0.6	-2.6	4.79384E-06
0.6	-2.5	1.18698E-05
0.6	-2.4	2.83637E-05
0.6	-2.3	6.54094E-05
0.6	-2.2	0.000145571
0.6	-2.1	0.000312658
0.6	-2	0.00064807
0.6	-1.9	0.001296382
0.6	-1.8	0.002502663
0.6	-1.7	0.004662619
0.6	-1.6	0.008383316
0.6	-1.5	0.014546526
0.6	-1.4	0.024358878
0.6	-1.3	0.039363927
0.6	-1.2	0.061382441
0.6	-1.1	0.092337901
0.6	-1	0.133908388
0.6	-0.9	0.186918012
0.6	-0.8	0.250370591
0.6	-0.7	0.320165104
0.6	-0.6	0.388025844
0.6	-0.5	0.441988286
0.6	-0.4	0.470060247
0.6	-0.3	0.466985984
0.6	-0.2	0.440320456
0.6	-0.1	0.409650555
0.6	0	0.396333932
0.6	0.1	0.409650555
0.6	0.2	0.440320456
0.6	0.3	0.466985984
0.6	0.4	0.470060247
0.6	0.5	0.441988286
0.6	0.6	0.388025844
0.6	0.7	0.320165104
0.6	0.8	0.250370591
0.6	0.9	0.186918012
0.6	1	0.133908388
0.6	1.1	0.092337901
0.6	1.2	0.061382441
0.6	1.3	0.039363927
0.6	1.4	0.024358878
0.6	1.5	0.014546526
0.6	1.6	0.008383316
0.6	1.7	0.004662619
0.6	1.8	0.002502663
0.6	1.9	0.001296382
0.6	2	0.00064807
0.6	2.1	0.000312658
0.6	2.2	0.000145571
0.6	2.3	6.54094E-05
0.6	2.4	2.83637E-05
0.6	2.5	1.18698E-05
0.6	2.6	4.79384E-06
0.6	2.7	1.86845E-06
0.6	2.8	7.02811E-07
0.6	2.9	2.55125E-07
0.6	3	8.93772E-08
0.7	-3	8.2242E-08
0.7	-2.9	2.34758E-07
0.7	-2.8	6.46704E-07
0.7	-2.7	1.71929E-06
0.7	-2.6	4.41114E-06
0.7	-2.5	1.09222E-05
0.7	-2.4	2.60994E-05
0.7	-2.3	6.01876E-05
0.7	-2.2	0.00013395
0.7	-2.1	0.000287698
0.7	-2	0.000596333
0.7	-1.9	0.001192888
0.7	-1.8	0.002302868
0.7	-1.7	0.004290389
0.7	-1.6	0.007714053
0.7	-1.5	0.013385244
0.7	-1.4	0.02241431
0.7	-1.3	0.036221878
0.7	-1.2	0.05648499
0.7	-1.1	0.084981121
0.7	-1	0.123284082
0.7	-0.9	0.172250637
0.7	-0.8	0.231236409
0.7	-0.7	0.297085769
0.7	-0.6	0.363300318
0.7	-0.5	0.420371338
0.7	-0.4	0.458455566
0.7	-0.3	0.472347752
0.7	-0.2	0.466018265
0.7	-0.1	0.452266759
0.7	0	0.445564349
0.7	0.1	0.452266759
0.7	0.2	0.466018265
0.7	0.3	0.472347752
0.7	0.4	0.458455566
0.7	0.5	0.420371338
0.7	0.6	0.363300318
0.7	0.7	0.297085769
0.7	0.8	0.231236409
0.7	0.9	0.172250637
0.7	1	0.123284082
0.7	1.1	0.084981121
0.7	1.2	0.05648499
0.7	1.3	0.036221878
0.7	1.4	0.02241431
0.7	1.5	0.013385244
0.7	1.6	0.007714053
0.7	1.7	0.004290389
0.7	1.8	0.002302868
0.7	1.9	0.001192888
0.7	2	0.000596333
0.7	2.1	0.000287698
0.7	2.2	0.00013395
0.7	2.3	6.01876E-05
0.7	2.4	2.60994E-05
0.7	2.5	1.09222E-05
0.7	2.6	4.41114E-06
0.7	2.7	1.71929E-06
0.7	2.8	6.46704E-07
0.7	2.9	2.34758E-07
0.7	3	8.2242E-08
0.8	-3	7.47139E-08
0.8	-2.9	2.13269E-07
0.8	-2.8	5.87507E-07
0.8	-2.7	1.56191E-06
0.8	-2.6	4.00736E-06
0.8	-2.5	9.92245E-06
0.8	-2.4	2.37103E-05
0.8	-2.3	5.46783E-05
0.8	-2.2	0.000121689
0.8	-2.1	0.000261363
0.8	-2	0.000541747
0.8	-1.9	0.001083696
0.8	-1.8	0.002092073
0.8	-1.7	0.003897664
0.8	-1.6	0.00700794
0.8	-1.5	0.01216002
0.8	-1.4	0.020362651
0.8	-1.3	0.032906664
0.8	-1.2	0.051316897
0.8	-1.1	0.077214176
0.8	-1	0.112052065
0.8	-0.9	0.156687842
0.8	-0.8	0.210754436
0.8	-0.7	0.271880607
0.8	-0.6	0.335058163
0.8	-0.5	0.392852059
0.8	-0.4	0.437275483
0.8	-0.3	0.463303702
0.8	-0.2	0.472152985
0.8	-0.1	0.471262875
0.8	0	0.469625105
0.8	0.1	0.471262875
0.8	0.2	0.472152985
0.8	0.3	0.463303702
0.8	0.4	0.437275483
0.8	0.5	0.392852059
0.8	0.6	0.335058163
0.8	0.7	0.271880607
0.8	0.8	0.210754436
0.8	0.9	0.156687842
0.8	1	0.112052065
0.8	1.1	0.077214176
0.8	1.2	0.051316897
0.8	1.3	0.032906664
0.8	1.4	0.020362651
0.8	1.5	0.01216002
0.8	1.6	0.00700794
0.8	1.7	0.003897664
0.8	1.8	0.002092073
0.8	1.9	0.001083696
0.8	2	0.000541747
0.8	2.1	0.000261363
0.8	2.2	0.000121689
0.8	2.3	5.46783E-05
0.8	2.4	2.37103E-05
0.8	2.5	9.92245E-06
0.8	2.6	4.00736E-06
0.8	2.7	1.56191E-06
0.8	2.8	5.87507E-07
0.8	2.9	2.13269E-07
0.8	3	7.47139E-08
0.9	-3	6.70116E-08
0.9	-2.9	1.91283E-07
0.9	-2.8	5.26941E-07
0.9	-2.7	1.40089E-06
0.9	-2.6	3.59424E-06
0.9	-2.5	8.89954E-06
0.9	-2.4	2.1266E-05
0.9	-2.3	4.90415E-05
0.9	-2.2	0.000109144
0.9	-2.1	0.000234419
0.9	-2	0.000485898
0.9	-1.9	0.000971978
0.9	-1.8	0.0018764
0.9	-1.7	0.003495853
0.9	-1.6	0.006285491
0.9	-1.5	0.010906446
0.9	-1.4	0.018263504
0.9	-1.3	0.029514602
0.9	-1.2	0.04602836
0.9	-1.1	0.069263045
0.9	-1	0.100540193
0.9	-0.9	0.140687778
0.9	-0.8	0.18953996
0.9	-0.7	0.245340794
0.9	-0.6	0.304268455
0.9	-0.5	0.360554878
0.9	-0.4	0.40775164
0.9	-0.3	0.441130524
0.9	-0.2	0.459993308
0.9	-0.1	0.467878046
0.9	0	0.469740213
0.9	0.1	0.467878046
0.9	0.2	0.459993308
0.9	0.3	0.441130524
0.9	0.4	0.40775164
0.9	0.5	0.360554878
0.9	0.6	0.304268455
0.9	0.7	0.245340794
0.9	0.8	0.18953996
0.9	0.9	0.140687778
0.9	1	0.100540193
0.9	1.1	0.069263045
0.9	1.2	0.04602836
0.9	1.3	0.029514602
0.9	1.4	0.018263504
0.9	1.5	0.010906446
0.9	1.6	0.006285491
0.9	1.7	0.003495853
0.9	1.8	0.0018764
0.9	1.9	0.000971978
0.9	2	0.000485898
0.9	2.1	0.000234419
0.9	2.2	0.000109144
0.9	2.3	4.90415E-05
0.9	2.4	2.1266E-05
0.9	2.5	8.89954E-06
0.9	2.6	3.59424E-06
0.9	2.7	1.40089E-06
0.9	2.8	5.26941E-07
0.9	2.9	1.91283E-07
0.9	3	6.70116E-08
1	-3	5.93389E-08
1	-2.9	1.69382E-07
1	-2.8	4.66607E-07
1	-2.7	1.2405E-06
1	-2.6	3.18271E-06
1	-2.5	7.88056E-06
1	-2.4	1.88311E-05
1	-2.3	4.34263E-05
1	-2.2	9.66471E-05
1	-2.1	0.000207579
1	-2	0.000430264
1	-1.9	0.000860689
1	-1.8	0.001661557
1	-1.7	0.003095587
1	-1.6	0.005565818
1	-1.5	0.009657689
1	-1.4	0.016172408
1	-1.3	0.026135459
1	-1.2	0.040759443
1	-1.1	0.061338837
1	-1	0.089056361
1	-0.9	0.124686616
1	-0.8	0.168197328
1	-0.7	0.218293661
1	-0.6	0.272061278
1	-0.5	0.325024031
1	-0.4	0.371973247
1	-0.3	0.40856676
1	-0.2	0.432931657
1	-0.1	0.446002751
1	0	0.449987684
1	0.1	0.446002751
1	0.2	0.432931657
1	0.3	0.40856676
1	0.4	0.371973247
1	0.5	0.325024031
1	0.6	0.272061278
1	0.7	0.218293661
1	0.8	0.168197328
1	0.9	0.124686616
1	1	0.089056361
1	1.1	0.061338837
1	1.2	0.040759443
1	1.3	0.026135459
1	1.4	0.016172408
1	1.5	0.009657689
1	1.6	0.005565818
1	1.7	0.003095587
1	1.8	0.001661557
1	1.9	0.000860689
1	2	0.000430264
1	2.1	0.000207579
1	2.2	9.66471E-05
1	2.3	4.34263E-05
1	2.4	1.88311E-05
1	2.5	7.88056E-06
1	2.6	3.18271E-06
1	2.7	1.2405E-06
1	2.8	4.66607E-07
1	2.9	1.69382E-07
1	3	5.93389E-08
1.1	-3	5.18765E-08
1.1	-2.9	1.4808E-07
1.1	-2.8	4.07927E-07
1.1	-2.7	1.08449E-06
1.1	-2.6	2.78245E-06
1.1	-2.5	6.88951E-06
1.1	-2.4	1.64629E-05
1.1	-2.3	3.79651E-05
1.1	-2.2	8.44928E-05
1.1	-2.1	0.000181474
1.1	-2	0.000376154
1.1	-1.9	0.000752449
1.1	-1.8	0.0014526
1.1	-1.7	0.002706287
1.1	-1.6	0.004865863
1.1	-1.5	0.008443143
1.1	-1.4	0.014138591
1.1	-1.3	0.022848807
1.1	-1.2	0.035634349
1.1	-1.1	0.053628993
1.1	-1	0.077874959
1.1	-0.9	0.10907673
1.1	-0.8	0.147281593
1.1	-0.7	0.191528922
1.1	-0.6	0.239580528
1.1	-0.5	0.287939309
1.1	-0.4	0.33238205
1.1	-0.3	0.369010306
1.1	-0.2	0.395359945
1.1	-0.1	0.410799727
1.1	0	0.415822836
1.1	0.1	0.410799727
1.1	0.2	0.395359945
1.1	0.3	0.369010306
1.1	0.4	0.33238205
1.1	0.5	0.287939309
1.1	0.6	0.239580528
1.1	0.7	0.191528922
1.1	0.8	0.147281593
1.1	0.9	0.10907673
1.1	1	0.077874959
1.1	1.1	0.053628993
1.1	1.2	0.035634349
1.1	1.3	0.022848807
1.1	1.4	0.014138591
1.1	1.5	0.008443143
1.1	1.6	0.004865863
1.1	1.7	0.002706287
1.1	1.8	0.0014526
1.1	1.9	0.000752449
1.1	2	0.000376154
1.1	2.1	0.000181474
1.1	2.2	8.44928E-05
1.1	2.3	3.79651E-05
1.1	2.4	1.64629E-05
1.1	2.5	6.88951E-06
1.1	2.6	2.78245E-06
1.1	2.7	1.08449E-06
1.1	2.8	4.07927E-07
1.1	2.9	1.4808E-07
1.1	3	5.18765E-08
1.2	-3	4.47757E-08
1.2	-2.9	1.27811E-07
1.2	-2.8	3.5209E-07
1.2	-2.7	9.36047E-07
1.2	-2.6	2.40159E-06
1.2	-2.5	5.94648E-06
1.2	-2.4	1.42095E-05
1.2	-2.3	3.27684E-05
1.2	-2.2	7.29275E-05
1.2	-2.1	0.000156634
1.2	-2	0.000324667
1.2	-1.9	0.000649455
1.2	-1.8	0.00125377
1.2	-1.7	0.002335854
1.2	-1.6	0.00419983
1.2	-1.5	0.007287459
1.2	-1.4	0.012203332
1.2	-1.3	0.019721377
1.2	-1.2	0.030757264
1.2	-1.1	0.046290879
1.2	-1	0.067226892
1.2	-0.9	0.094190298
1.2	-0.8	0.127268757
1.2	-0.7	0.165739462
1.2	-0.6	0.207862706
1.2	-0.5	0.250878262
1.2	-0.4	0.291345995
1.2	-0.3	0.325837571
1.2	-0.2	0.351713167
1.2	-0.1	0.367529205
1.2	0	0.372819857
1.2	0.1	0.367529205
1.2	0.2	0.351713167
1.2	0.3	0.325837571
1.2	0.4	0.291345995
1.2	0.5	0.250878262
1.2	0.6	0.207862706
1.2	0.7	0.165739462
1.2	0.8	0.127268757
1.2	0.9	0.094190298
1.2	1	0.067226892
1.2	1.1	0.046290879
1.2	1.2	0.030757264
1.2	1.3	0.019721377
1.2	1.4	0.012203332
1.2	1.5	0.007287459
1.2	1.6	0.00419983
1.2	1.7	0.002335854
1.2	1.8	0.00125377
1.2	1.9	0.000649455
1.2	2	0.000324667
1.2	2.1	0.000156634
1.2	2.2	7.29275E-05
1.2	2.3	3.27684E-05
1.2	2.4	1.42095E-05
1.2	2.5	5.94648E-06
1.2	2.6	2.40159E-06
1.2	2.7	9.36047E-07
1.2	2.8	3.5209E-07
1.2	2.9	1.27811E-07
1.2	3	4.47757E-08
1.3	-3	3.81553E-08
1.3	-2.9	1.08914E-07
1.3	-2.8	3.00032E-07
1.3	-2.7	7.97647E-07
1.3	-2.6	2.0465E-06
1.3	-2.5	5.06726E-06
1.3	-2.4	1.21085E-05
1.3	-2.3	2.79234E-05
1.3	-2.2	6.21447E-05
1.3	-2.1	0.000133475
1.3	-2	0.000276663
1.3	-1.9	0.000553429
1.3	-1.8	0.001068393
1.3	-1.7	0.001990483
1.3	-1.6	0.003578859
1.3	-1.5	0.006209964
1.3	-1.4	0.010399001
1.3	-1.3	0.016805498
1.3	-1.2	0.026209902
1.3	-1.1	0.039447977
1.3	-1	0.057293622
1.3	-0.9	0.080289332
1.3	-0.8	0.108537218
1.3	-0.7	0.141483558
1.3	-0.6	0.177758286
1.3	-0.5	0.215160365
1.3	-0.4	0.250878262
1.3	-0.3	0.281953385
1.3	-0.2	0.305836076
1.3	-0.1	0.320770333
1.3	0	0.325837571
1.3	0.1	0.320770333
1.3	0.2	0.305836076
1.3	0.3	0.281953385
1.3	0.4	0.250878262
1.3	0.5	0.215160365
1.3	0.6	0.177758286
1.3	0.7	0.141483558
1.3	0.8	0.108537218
1.3	0.9	0.080289332
1.3	1	0.057293622
1.3	1.1	0.039447977
1.3	1.2	0.026209902
1.3	1.3	0.016805498
1.3	1.4	0.010399001
1.3	1.5	0.006209964
1.3	1.6	0.003578859
1.3	1.7	0.001990483
1.3	1.8	0.001068393
1.3	1.9	0.000553429
1.3	2	0.000276663
1.3	2.1	0.000133475
1.3	2.2	6.21447E-05
1.3	2.3	2.79234E-05
1.3	2.4	1.21085E-05
1.3	2.5	5.06726E-06
1.3	2.6	2.0465E-06
1.3	2.7	7.97647E-07
1.3	2.8	3.00032E-07
1.3	2.9	1.08914E-07
1.3	3	3.81553E-08
1.4	-3	3.21003E-08
1.4	-2.9	9.16296E-08
1.4	-2.8	2.52418E-07
1.4	-2.7	6.71065E-07
1.4	-2.6	1.72174E-06
1.4	-2.5	4.26311E-06
1.4	-2.4	1.0187E-05
1.4	-2.3	2.34921E-05
1.4	-2.2	5.22827E-05
1.4	-2.1	0.000112293
1.4	-2	0.000232758
1.4	-1.9	0.000465603
1.4	-1.8	0.000898845
1.4	-1.7	0.001674605
1.4	-1.6	0.003010915
1.4	-1.5	0.005224479
1.4	-1.4	0.008748744
1.4	-1.3	0.014138591
1.4	-1.2	0.022050705
1.4	-1.1	0.033188639
1.4	-1	0.04820513
1.4	-0.9	0.067562058
1.4	-0.8	0.091360471
1.4	-0.7	0.119168888
1.4	-0.6	0.149896765
1.4	-0.5	0.181775812
1.4	-0.4	0.212506935
1.4	-0.3	0.239580528
1.4	-0.2	0.26068574
1.4	-0.1	0.274054736
1.4	0	0.278626548
1.4	0.1	0.274054736
1.4	0.2	0.26068574
1.4	0.3	0.239580528
1.4	0.4	0.212506935
1.4	0.5	0.181775812
1.4	0.6	0.149896765
1.4	0.7	0.119168888
1.4	0.8	0.091360471
1.4	0.9	0.067562058
1.4	1	0.04820513
1.4	1.1	0.033188639
1.4	1.2	0.022050705
1.4	1.3	0.014138591
1.4	1.4	0.008748744
1.4	1.5	0.005224479
1.4	1.6	0.003010915
1.4	1.7	0.001674605
1.4	1.8	0.000898845
1.4	1.9	0.000465603
1.4	2	0.000232758
1.4	2.1	0.000112293
1.4	2.2	5.22827E-05
1.4	2.3	2.34921E-05
1.4	2.4	1.0187E-05
1.4	2.5	4.26311E-06
1.4	2.6	1.72174E-06
1.4	2.7	6.71065E-07
1.4	2.8	2.52418E-07
1.4	2.9	9.16296E-08
1.4	3	3.21003E-08
1.5	-3	2.66627E-08
1.5	-2.9	7.61081E-08
1.5	-2.8	2.0966E-07
1.5	-2.7	5.5739E-07
1.5	-2.6	1.43008E-06
1.5	-2.5	3.54097E-06
1.5	-2.4	8.46137E-06
1.5	-2.3	1.95127E-05
1.5	-2.2	4.34263E-05
1.5	-2.1	9.32711E-05
1.5	-2	0.00019333
1.5	-1.9	0.000386732
1.5	-1.8	0.000746586
1.5	-1.7	0.001390937
1.5	-1.6	0.002500884
1.5	-1.5	0.004339483
1.5	-1.4	0.007266759
1.5	-1.3	0.011743609
1.5	-1.2	0.018315526
1.5	-1.1	0.027567105
1.5	-1	0.040041375
1.5	-0.9	0.056124833
1.5	-0.8	0.075909316
1.5	-0.7	0.099054375
1.5	-0.6	0.124686616
1.5	-0.5	0.151380853
1.5	-0.4	0.177262037
1.5	-0.3	0.200234961
1.5	-0.2	0.218293661
1.5	-0.1	0.229818115
1.5	0	0.233776647
1.5	0.1	0.229818115
1.5	0.2	0.218293661
1.5	0.3	0.200234961
1.5	0.4	0.177262037
1.5	0.5	0.151380853
1.5	0.6	0.124686616
1.5	0.7	0.099054375
1.5	0.8	0.075909316
1.5	0.9	0.056124833
1.5	1	0.040041375
1.5	1.1	0.027567105
1.5	1.2	0.018315526
1.5	1.3	0.011743609
1.5	1.4	0.007266759
1.5	1.5	0.004339483
1.5	1.6	0.002500884
1.5	1.7	0.001390937
1.5	1.8	0.000746586
1.5	1.9	0.000386732
1.5	2	0.00019333
1.5	2.1	9.32711E-05
1.5	2.2	4.34263E-05
1.5	2.3	1.95127E-05
1.5	2.4	8.46137E-06
1.5	2.5	3.54097E-06
1.5	2.6	1.43008E-06
1.5	2.7	5.5739E-07
1.5	2.8	2.0966E-07
1.5	2.9	7.61081E-08
1.5	3	2.66627E-08
1.6	-3	2.18645E-08
1.6	-2.9	6.24118E-08
1.6	-2.8	1.7193E-07
1.6	-2.7	4.57083E-07
1.6	-2.6	1.17273E-06
1.6	-2.5	2.90374E-06
1.6	-2.4	6.93867E-06
1.6	-2.3	1.60012E-05
1.6	-2.2	3.56114E-05
1.6	-2.1	7.64862E-05
1.6	-2	0.000158539
1.6	-1.9	0.000317137
1.6	-1.8	0.000612232
1.6	-1.7	0.001140626
1.6	-1.6	0.002050829
1.6	-1.5	0.003558557
1.6	-1.4	0.005959047
1.6	-1.3	0.009630257
1.6	-1.2	0.015019538
1.6	-1.1	0.02260639
1.6	-1	0.032836546
1.6	-0.9	0.04602836
1.6	-0.8	0.062261045
1.6	-0.7	0.081264275
1.6	-0.6	0.102337835
1.6	-0.5	0.12433452
1.6	-0.4	0.145733791
1.6	-0.3	0.164812199
1.6	-0.2	0.179882039
1.6	-0.1	0.18953996
1.6	0	0.192865682
1.6	0.1	0.18953996
1.6	0.2	0.179882039
1.6	0.3	0.164812199
1.6	0.4	0.145733791
1.6	0.5	0.12433452
1.6	0.6	0.102337835
1.6	0.7	0.081264275
1.6	0.8	0.062261045
1.6	0.9	0.04602836
1.6	1	0.032836546
1.6	1.1	0.02260639
1.6	1.2	0.015019538
1.6	1.3	0.009630257
1.6	1.4	0.005959047
1.6	1.5	0.003558557
1.6	1.6	0.002050829
1.6	1.7	0.001140626
1.6	1.8	0.000612232
1.6	1.9	0.000317137
1.6	2	0.000158539
1.6	2.1	7.64862E-05
1.6	2.2	3.56114E-05
1.6	2.3	1.60012E-05
1.6	2.4	6.93867E-06
1.6	2.5	2.90374E-06
1.6	2.6	1.17273E-06
1.6	2.7	4.57083E-07
1.6	2.8	1.7193E-07
1.6	2.9	6.24118E-08
1.6	3	2.18645E-08
1.7	-3	1.77018E-08
1.7	-2.9	5.05294E-08
1.7	-2.8	1.39197E-07
1.7	-2.7	3.7006E-07
1.7	-2.6	9.49455E-07
1.7	-2.5	2.3509E-06
1.7	-2.4	5.61763E-06
1.7	-2.3	1.29548E-05
1.7	-2.2	2.88314E-05
1.7	-2.1	6.19242E-05
1.7	-2	0.000128355
1.7	-1.9	0.000256758
1.7	-1.8	0.00049567
1.7	-1.7	0.000923465
1.7	-1.6	0.001660376
1.7	-1.5	0.002881051
1.7	-1.4	0.004824517
1.7	-1.3	0.007796776
1.7	-1.2	0.01216002
1.7	-1.1	0.018302507
1.7	-1	0.026585307
1.7	-0.9	0.037266825
1.7	-0.8	0.050413012
1.7	-0.7	0.065809149
1.7	-0.6	0.082895809
1.7	-0.5	0.100754247
1.7	-0.4	0.118161395
1.7	-0.3	0.133719456
1.7	-0.2	0.146042083
1.7	-0.1	0.153958132
1.7	0	0.156687842
1.7	0.1	0.153958132
1.7	0.2	0.146042083
1.7	0.3	0.133719456
1.7	0.4	0.118161395
1.7	0.5	0.100754247
1.7	0.6	0.082895809
1.7	0.7	0.065809149
1.7	0.8	0.050413012
1.7	0.9	0.037266825
1.7	1	0.026585307
1.7	1.1	0.018302507
1.7	1.2	0.01216002
1.7	1.3	0.007796776
1.7	1.4	0.004824517
1.7	1.5	0.002881051
1.7	1.6	0.001660376
1.7	1.7	0.000923465
1.7	1.8	0.00049567
1.7	1.9	0.000256758
1.7	2	0.000128355
1.7	2.1	6.19242E-05
1.7	2.2	2.88314E-05
1.7	2.3	1.29548E-05
1.7	2.4	5.61763E-06
1.7	2.5	2.3509E-06
1.7	2.6	9.49455E-07
1.7	2.7	3.7006E-07
1.7	2.8	1.39197E-07
1.7	2.9	5.05294E-08
1.7	3	1.77018E-08
1.8	-3	1.41493E-08
1.8	-2.9	4.03889E-08
1.8	-2.8	1.11262E-07
1.8	-2.7	2.95795E-07
1.8	-2.6	7.58914E-07
1.8	-2.5	1.87911E-06
1.8	-2.4	4.49026E-06
1.8	-2.3	1.0355E-05
1.8	-2.2	2.30454E-05
1.8	-2.1	4.94969E-05
1.8	-2	0.000102596
1.8	-1.9	0.00020523
1.8	-1.8	0.000396197
1.8	-1.7	0.000738139
1.8	-1.6	0.001327164
1.8	-1.5	0.002302868
1.8	-1.4	0.00385631
1.8	-1.3	0.006232083
1.8	-1.2	0.009719696
1.8	-1.1	0.014629515
1.8	-1	0.021250234
1.8	-0.9	0.029788692
1.8	-0.8	0.040298411
1.8	-0.7	0.052609593
1.8	-0.6	0.066278385
1.8	-0.5	0.080574865
1.8	-0.4	0.094524943
1.8	-0.3	0.107010247
1.8	-0.2	0.116913819
1.8	-0.1	0.123284082
1.8	0	0.125482417
1.8	0.1	0.123284082
1.8	0.2	0.116913819
1.8	0.3	0.107010247
1.8	0.4	0.094524943
1.8	0.5	0.080574865
1.8	0.6	0.066278385
1.8	0.7	0.052609593
1.8	0.8	0.040298411
1.8	0.9	0.029788692
1.8	1	0.021250234
1.8	1.1	0.014629515
1.8	1.2	0.009719696
1.8	1.3	0.006232083
1.8	1.4	0.00385631
1.8	1.5	0.002302868
1.8	1.6	0.001327164
1.8	1.7	0.000738139
1.8	1.8	0.000396197
1.8	1.9	0.00020523
1.8	2	0.000102596
1.8	2.1	4.94969E-05
1.8	2.2	2.30454E-05
1.8	2.3	1.0355E-05
1.8	2.4	4.49026E-06
1.8	2.5	1.87911E-06
1.8	2.6	7.58914E-07
1.8	2.7	2.95795E-07
1.8	2.8	1.11262E-07
1.8	2.9	4.03889E-08
1.8	3	1.41493E-08
1.9	-3	1.11659E-08
1.9	-2.9	3.18729E-08
1.9	-2.8	8.78023E-08
1.9	-2.7	2.33426E-07
1.9	-2.6	5.98896E-07
1.9	-2.5	1.4829E-06
1.9	-2.4	3.54348E-06
1.9	-2.3	8.17161E-06
1.9	-2.2	1.81863E-05
1.9	-2.1	3.90605E-05
1.9	-2	8.09636E-05
1.9	-1.9	0.000161957
1.9	-1.8	0.000312658
1.9	-1.7	0.000582502
1.9	-1.6	0.00104733
1.9	-1.5	0.001817306
1.9	-1.4	0.003043204
1.9	-1.3	0.004918043
1.9	-1.2	0.007670293
1.9	-1.1	0.011544887
1.9	-1	0.016769685
1.9	-0.9	0.023508035
1.9	-0.8	0.031802514
1.9	-0.7	0.041519889
1.9	-0.6	0.052311282
1.9	-0.5	0.063602534
1.9	-0.4	0.074626422
1.9	-0.3	0.084499925
1.9	-0.2	0.092337901
1.9	-0.1	0.097382934
1.9	0	0.099124633
1.9	0.1	0.097382934
1.9	0.2	0.092337901
1.9	0.3	0.084499925
1.9	0.4	0.074626422
1.9	0.5	0.063602534
1.9	0.6	0.052311282
1.9	0.7	0.041519889
1.9	0.8	0.031802514
1.9	0.9	0.023508035
1.9	1	0.016769685
1.9	1.1	0.011544887
1.9	1.2	0.007670293
1.9	1.3	0.004918043
1.9	1.4	0.003043204
1.9	1.5	0.001817306
1.9	1.6	0.00104733
1.9	1.7	0.000582502
1.9	1.8	0.000312658
1.9	1.9	0.000161957
1.9	2	8.09636E-05
1.9	2.1	3.90605E-05
1.9	2.2	1.81863E-05
1.9	2.3	8.17161E-06
1.9	2.4	3.54348E-06
1.9	2.5	1.4829E-06
1.9	2.6	5.98896E-07
1.9	2.7	2.33426E-07
1.9	2.8	8.78023E-08
1.9	2.9	3.18729E-08
1.9	3	1.11659E-08
2	-3	8.6995E-09
2	-2.9	2.48325E-08
2	-2.8	6.84079E-08
2	-2.7	1.81865E-07
2	-2.6	4.66607E-07
2	-2.5	1.15535E-06
2	-2.4	2.76077E-06
2	-2.3	6.3666E-06
2	-2.2	1.41691E-05
2	-2.1	3.04325E-05
2	-2	6.30797E-05
2	-1.9	0.000126183
2	-1.8	0.000243596
2	-1.7	0.000453835
2	-1.6	0.000815988
2	-1.5	0.001415886
2	-1.4	0.002370998
2	-1.3	0.003831708
2	-1.2	0.005976022
2	-1.1	0.008994771
2	-1	0.013065501
2	-0.9	0.018315526
2	-0.8	0.024778152
2	-0.7	0.03234988
2	-0.6	0.040759443
2	-0.5	0.049560248
2	-0.4	0.058155125
2	-0.3	0.065855923
2	-0.2	0.071971548
2	-0.1	0.075909316
2	0	0.077269028
2	0.1	0.075909316
2	0.2	0.071971548
2	0.3	0.065855923
2	0.4	0.058155125
2	0.5	0.049560248
2	0.6	0.040759443
2	0.7	0.03234988
2	0.8	0.024778152
2	0.9	0.018315526
2	1	0.013065501
2	1.1	0.008994771
2	1.2	0.005976022
2	1.3	0.003831708
2	1.4	0.002370998
2	1.5	0.001415886
2	1.6	0.000815988
2	1.7	0.000453835
2	1.8	0.000243596
2	1.9	0.000126183
2	2	6.30797E-05
2	2.1	3.04325E-05
2	2.2	1.41691E-05
2	2.3	6.3666E-06
2	2.4	2.76077E-06
2	2.5	1.15535E-06
2	2.6	4.66607E-07
2	2.7	1.81865E-07
2	2.8	6.84079E-08
2	2.9	2.48325E-08
2	3	8.6995E-09
2.1	-3	6.69169E-09
2.1	-2.9	1.91013E-08
2.1	-2.8	5.26196E-08
2.1	-2.7	1.39891E-07
2.1	-2.6	3.58916E-07
2.1	-2.5	8.88696E-07
2.1	-2.4	2.1236E-06
2.1	-2.3	4.89721E-06
2.1	-2.2	1.08989E-05
2.1	-2.1	2.34088E-05
2.1	-2	4.85211E-05
2.1	-1.9	9.70603E-05
2.1	-1.8	0.000187375
2.1	-1.7	0.000349091
2.1	-1.6	0.000627661
2.1	-1.5	0.001089104
2.1	-1.4	0.001823779
2.1	-1.3	0.002947363
2.1	-1.2	0.004596776
2.1	-1.1	0.00691881
2.1	-1	0.010050039
2.1	-0.9	0.01408841
2.1	-0.8	0.019059594
2.1	-0.7	0.024884093
2.1	-0.6	0.031353455
2.1	-0.5	0.038124435
2.1	-0.4	0.044737911
2.1	-0.3	0.050664485
2.1	-0.2	0.055372013
2.1	-0.1	0.058403636
2.1	0	0.059450558
2.1	0.1	0.058403636
2.1	0.2	0.055372013
2.1	0.3	0.050664485
2.1	0.4	0.044737911
2.1	0.5	0.038124435
2.1	0.6	0.031353455
2.1	0.7	0.024884093
2.1	0.8	0.019059594
2.1	0.9	0.01408841
2.1	1	0.010050039
2.1	1.1	0.00691881
2.1	1.2	0.004596776
2.1	1.3	0.002947363
2.1	1.4	0.001823779
2.1	1.5	0.001089104
2.1	1.6	0.000627661
2.1	1.7	0.000349091
2.1	1.8	0.000187375
2.1	1.9	9.70603E-05
2.1	2	4.85211E-05
2.1	2.1	2.34088E-05
2.1	2.2	1.08989E-05
2.1	2.3	4.89721E-06
2.1	2.4	2.1236E-06
2.1	2.5	8.88696E-07
2.1	2.6	3.58916E-07
2.1	2.7	1.39891E-07
2.1	2.8	5.26196E-08
2.1	2.9	1.91013E-08
2.1	3	6.69169E-09
2.2	-3	5.0818E-09
2.2	-2.9	1.45059E-08
2.2	-2.8	3.99604E-08
2.2	-2.7	1.06236E-07
2.2	-2.6	2.72568E-07
2.2	-2.5	6.74893E-07
2.2	-2.4	1.6127E-06
2.2	-2.3	3.71904E-06
2.2	-2.2	8.27688E-06
2.2	-2.1	1.77771E-05
2.2	-2	3.68479E-05
2.2	-1.9	7.37096E-05
2.2	-1.8	0.000142296
2.2	-1.7	0.000265107
2.2	-1.6	0.000476658
2.2	-1.5	0.000827088
2.2	-1.4	0.001385015
2.2	-1.3	0.002238287
2.2	-1.2	0.003490885
2.2	-1.1	0.005254285
2.2	-1	0.007632207
2.2	-0.9	0.01069904
2.2	-0.8	0.014474297
2.2	-0.7	0.018897647
2.2	-0.6	0.02381086
2.2	-0.5	0.028953369
2.2	-0.4	0.033976585
2.2	-0.3	0.038478448
2.2	-0.2	0.042054642
2.2	-0.1	0.044357872
2.2	0	0.045153292
2.2	0.1	0.044357872
2.2	0.2	0.042054642
2.2	0.3	0.038478448
2.2	0.4	0.033976585
2.2	0.5	0.028953369
2.2	0.6	0.02381086
2.2	0.7	0.018897647
2.2	0.8	0.014474297
2.2	0.9	0.01069904
2.2	1	0.007632207
2.2	1.1	0.005254285
2.2	1.2	0.003490885
2.2	1.3	0.002238287
2.2	1.4	0.001385015
2.2	1.5	0.000827088
2.2	1.6	0.000476658
2.2	1.7	0.000265107
2.2	1.8	0.000142296
2.2	1.9	7.37096E-05
2.2	2	3.68479E-05
2.2	2.1	1.77771E-05
2.2	2.2	8.27688E-06
2.2	2.3	3.71904E-06
2.2	2.4	1.6127E-06
2.2	2.5	6.74893E-07
2.2	2.6	2.72568E-07
2.2	2.7	1.06236E-07
2.2	2.8	3.99604E-08
2.2	2.9	1.45059E-08
2.2	3	5.0818E-09
2.3	-3	3.81014E-09
2.3	-2.9	1.0876E-08
2.3	-2.8	2.99607E-08
2.3	-2.7	7.96519E-08
2.3	-2.6	2.04361E-07
2.3	-2.5	5.06009E-07
2.3	-2.4	1.20914E-06
2.3	-2.3	2.78839E-06
2.3	-2.2	6.20569E-06
2.3	-2.1	1.33286E-05
2.3	-2	2.76272E-05
2.3	-1.9	5.52646E-05
2.3	-1.8	0.000106688
2.3	-1.7	0.000198767
2.3	-1.6	0.00035738
2.3	-1.5	0.000620118
2.3	-1.4	0.001038431
2.3	-1.3	0.001678182
2.3	-1.2	0.002617331
2.3	-1.1	0.003939462
2.3	-1	0.005722337
2.3	-0.9	0.008021735
2.3	-0.8	0.010852291
2.3	-0.7	0.014168785
2.3	-0.6	0.017852608
2.3	-0.5	0.021708429
2.3	-0.4	0.025474916
2.3	-0.3	0.028850614
2.3	-0.2	0.031532312
2.3	-0.1	0.033259509
2.3	0	0.033856008
2.3	0.1	0.033259509
2.3	0.2	0.031532312
2.3	0.3	0.028850614
2.3	0.4	0.025474916
2.3	0.5	0.021708429
2.3	0.6	0.017852608
2.3	0.7	0.014168785
2.3	0.8	0.010852291
2.3	0.9	0.008021735
2.3	1	0.005722337
2.3	1.1	0.003939462
2.3	1.2	0.002617331
2.3	1.3	0.001678182
2.3	1.4	0.001038431
2.3	1.5	0.000620118
2.3	1.6	0.00035738
2.3	1.7	0.000198767
2.3	1.8	0.000106688
2.3	1.9	5.52646E-05
2.3	2	2.76272E-05
2.3	2.1	1.33286E-05
2.3	2.2	6.20569E-06
2.3	2.3	2.78839E-06
2.3	2.4	1.20914E-06
2.3	2.5	5.06009E-07
2.3	2.6	2.04361E-07
2.3	2.7	7.96519E-08
2.3	2.8	2.99607E-08
2.3	2.9	1.0876E-08
2.3	3	3.81014E-09
2.4	-3	2.82036E-09
2.4	-2.9	8.05067E-09
2.4	-2.8	2.21777E-08
2.4	-2.7	5.89604E-08
2.4	-2.6	1.51273E-07
2.4	-2.5	3.74561E-07
2.4	-2.4	8.95038E-07
2.4	-2.3	2.06404E-06
2.4	-2.2	4.59361E-06
2.4	-2.1	9.86616E-06
2.4	-2	2.04503E-05
2.4	-1.9	4.09083E-05
2.4	-1.8	7.89734E-05
2.4	-1.7	0.000147132
2.4	-1.6	0.000264542
2.4	-1.5	0.000459028
2.4	-1.4	0.000768673
2.4	-1.3	0.001242233
2.4	-1.2	0.001937416
2.4	-1.1	0.002916091
2.4	-1	0.004235822
2.4	-0.9	0.005937897
2.4	-0.8	0.008033152
2.4	-0.7	0.010488118
2.4	-0.6	0.013215006
2.4	-0.5	0.016069237
2.4	-0.4	0.018857376
2.4	-0.3	0.021356274
2.4	-0.2	0.023341466
2.4	-0.1	0.024620085
2.4	0	0.025061669
2.4	0.1	0.024620085
2.4	0.2	0.023341466
2.4	0.3	0.021356274
2.4	0.4	0.018857376
2.4	0.5	0.016069237
2.4	0.6	0.013215006
2.4	0.7	0.010488118
2.4	0.8	0.008033152
2.4	0.9	0.005937897
2.4	1	0.004235822
2.4	1.1	0.002916091
2.4	1.2	0.001937416
2.4	1.3	0.001242233
2.4	1.4	0.000768673
2.4	1.5	0.000459028
2.4	1.6	0.000264542
2.4	1.7	0.000147132
2.4	1.8	7.89734E-05
2.4	1.9	4.09083E-05
2.4	2	2.04503E-05
2.4	2.1	9.86616E-06
2.4	2.2	4.59361E-06
2.4	2.3	2.06404E-06
2.4	2.4	8.95038E-07
2.4	2.5	3.74561E-07
2.4	2.6	1.51273E-07
2.4	2.7	5.89604E-08
2.4	2.8	2.21777E-08
2.4	2.9	8.05067E-09
2.4	3	2.82036E-09
2.5	-3	2.06115E-09
2.5	-2.9	5.88352E-09
2.5	-2.8	1.62077E-08
2.5	-2.7	4.30889E-08
2.5	-2.6	1.10552E-07
2.5	-2.5	2.73733E-07
2.5	-2.4	6.54104E-07
2.5	-2.3	1.50843E-06
2.5	-2.2	3.35706E-06
2.5	-2.1	7.2103E-06
2.5	-2	1.49453E-05
2.5	-1.9	2.98962E-05
2.5	-1.8	5.77146E-05
2.5	-1.7	0.000107526
2.5	-1.6	0.00019333
2.5	-1.5	0.000335463
2.5	-1.4	0.000561755
2.5	-1.3	0.000907838
2.5	-1.2	0.001415886
2.5	-1.1	0.002131113
2.5	-1	0.003095587
2.5	-0.9	0.004339483
2.5	-0.8	0.00587072
2.5	-0.7	0.007664841
2.5	-0.6	0.009657689
2.5	-0.5	0.011743609
2.5	-0.4	0.01378124
2.5	-0.3	0.015607499
2.5	-0.2	0.017058339
2.5	-0.1	0.0179928
2.5	0	0.018315526
2.5	0.1	0.0179928
2.5	0.2	0.017058339
2.5	0.3	0.015607499
2.5	0.4	0.01378124
2.5	0.5	0.011743609
2.5	0.6	0.009657689
2.5	0.7	0.007664841
2.5	0.8	0.00587072
2.5	0.9	0.004339483
2.5	1	0.003095587
2.5	1.1	0.002131113
2.5	1.2	0.001415886
2.5	1.3	0.000907838
2.5	1.4	0.000561755
2.5	1.5	0.000335463
2.5	1.6	0.00019333
2.5	1.7	0.000107526
2.5	1.8	5.77146E-05
2.5	1.9	2.98962E-05
2.5	2	1.49453E-05
2.5	2.1	7.2103E-06
2.5	2.2	3.35706E-06
2.5	2.3	1.50843E-06
2.5	2.4	6.54104E-07
2.5	2.5	2.73733E-07
2.5	2.6	1.10552E-07
2.5	2.7	4.30889E-08
2.5	2.8	1.62077E-08
2.5	2.9	5.88352E-09
2.5	3	2.06115E-09
2.6	-3	1.48716E-09
2.6	-2.9	4.24505E-09
2.6	-2.8	1.16941E-08
2.6	-2.7	3.10894E-08
2.6	-2.6	7.97653E-08
2.6	-2.5	1.97503E-07
2.6	-2.4	4.71947E-07
2.6	-2.3	1.08835E-06
2.6	-2.2	2.42218E-06
2.6	-2.1	5.20235E-06
2.6	-2	1.07833E-05
2.6	-1.9	2.15706E-05
2.6	-1.8	4.16421E-05
2.6	-1.7	7.75818E-05
2.6	-1.6	0.000139491
2.6	-1.5	0.000242042
2.6	-1.4	0.000405316
2.6	-1.3	0.00065502
2.6	-1.2	0.001021585
2.6	-1.1	0.001537633
2.6	-1	0.002233517
2.6	-0.9	0.003131009
2.6	-0.8	0.004235822
2.6	-0.7	0.005530311
2.6	-0.6	0.006968186
2.6	-0.5	0.008473217
2.6	-0.4	0.009943408
2.6	-0.3	0.011261095
2.6	-0.2	0.012307912
2.6	-0.1	0.01298215
2.6	0	0.013215006
2.6	0.1	0.01298215
2.6	0.2	0.012307912
2.6	0.3	0.011261095
2.6	0.4	0.009943408
2.6	0.5	0.008473217
2.6	0.6	0.006968186
2.6	0.7	0.005530311
2.6	0.8	0.004235822
2.6	0.9	0.003131009
2.6	1	0.002233517
2.6	1.1	0.001537633
2.6	1.2	0.001021585
2.6	1.3	0.00065502
2.6	1.4	0.000405316
2.6	1.5	0.000242042
2.6	1.6	0.000139491
2.6	1.7	7.75818E-05
2.6	1.8	4.16421E-05
2.6	1.9	2.15706E-05
2.6	2	1.07833E-05
2.6	2.1	5.20235E-06
2.6	2.2	2.42218E-06
2.6	2.3	1.08835E-06
2.6	2.4	4.71947E-07
2.6	2.5	1.97503E-07
2.6	2.6	7.97653E-08
2.6	2.7	3.10894E-08
2.6	2.8	1.16941E-08
2.6	2.9	4.24505E-09
2.6	3	1.48716E-09
2.7	-3	1.05936E-09
2.7	-2.9	3.02392E-09
2.7	-2.8	8.3302E-09
2.7	-2.7	2.21462E-08
2.7	-2.6	5.682E-08
2.7	-2.5	1.40689E-07
2.7	-2.4	3.36186E-07
2.7	-2.3	7.75278E-07
2.7	-2.2	1.72541E-06
2.7	-2.1	3.70584E-06
2.7	-2	7.68138E-06
2.7	-1.9	1.53656E-05
2.7	-1.8	2.96633E-05
2.7	-1.7	5.52646E-05
2.7	-1.6	9.9365E-05
2.7	-1.5	0.000172416
2.7	-1.4	0.000288723
2.7	-1.3	0.000466597
2.7	-1.2	0.000727716
2.7	-1.1	0.001095317
2.7	-1	0.001591023
2.7	-0.9	0.002230343
2.7	-0.8	0.003017346
2.7	-0.7	0.003939462
2.7	-0.6	0.004963718
2.7	-0.5	0.006035813
2.7	-0.4	0.007083092
2.7	-0.3	0.008021735
2.7	-0.2	0.008767428
2.7	-0.1	0.009247717
2.7	0	0.009413591
2.7	0.1	0.009247717
2.7	0.2	0.008767428
2.7	0.3	0.008021735
2.7	0.4	0.007083092
2.7	0.5	0.006035813
2.7	0.6	0.004963718
2.7	0.7	0.003939462
2.7	0.8	0.003017346
2.7	0.9	0.002230343
2.7	1	0.001591023
2.7	1.1	0.001095317
2.7	1.2	0.000727716
2.7	1.3	0.000466597
2.7	1.4	0.000288723
2.7	1.5	0.000172416
2.7	1.6	9.9365E-05
2.7	1.7	5.52646E-05
2.7	1.8	2.96633E-05
2.7	1.9	1.53656E-05
2.7	2	7.68138E-06
2.7	2.1	3.70584E-06
2.7	2.2	1.72541E-06
2.7	2.3	7.75278E-07
2.7	2.4	3.36186E-07
2.7	2.5	1.40689E-07
2.7	2.6	5.682E-08
2.7	2.7	2.21462E-08
2.7	2.8	8.3302E-09
2.7	2.9	3.02392E-09
2.7	3	1.05936E-09
2.8	-3	7.45027E-10
2.8	-2.9	2.12666E-09
2.8	-2.8	5.85847E-09
2.8	-2.7	1.5575E-08
2.8	-2.6	3.99604E-08
2.8	-2.5	9.89441E-08
2.8	-2.4	2.36433E-07
2.8	-2.3	5.45237E-07
2.8	-2.2	1.21345E-06
2.8	-2.1	2.60625E-06
2.8	-2	5.40216E-06
2.8	-1.9	1.08063E-05
2.8	-1.8	2.08616E-05
2.8	-1.7	3.88665E-05
2.8	-1.6	6.98814E-05
2.8	-1.5	0.000121257
2.8	-1.4	0.000203053
2.8	-1.3	0.000328148
2.8	-1.2	0.000511788
2.8	-1.1	0.000770315
2.8	-1	0.001118935
2.8	-0.9	0.001568556
2.8	-0.8	0.002122039
2.8	-0.7	0.002770545
2.8	-0.6	0.003490885
2.8	-0.5	0.004244868
2.8	-0.4	0.004981399
2.8	-0.3	0.005641529
2.8	-0.2	0.006165961
2.8	-0.1	0.006503739
2.8	0	0.006620395
2.8	0.1	0.006503739
2.8	0.2	0.006165961
2.8	0.3	0.005641529
2.8	0.4	0.004981399
2.8	0.5	0.004244868
2.8	0.6	0.003490885
2.8	0.7	0.002770545
2.8	0.8	0.002122039
2.8	0.9	0.001568556
2.8	1	0.001118935
2.8	1.1	0.000770315
2.8	1.2	0.000511788
2.8	1.3	0.000328148
2.8	1.4	0.000203053
2.8	1.5	0.000121257
2.8	1.6	6.98814E-05
2.8	1.7	3.88665E-05
2.8	1.8	2.08616E-05
2.8	1.9	1.08063E-05
2.8	2	5.40216E-06
2.8	2.1	2.60625E-06
2.8	2.2	1.21345E-06
2.8	2.3	5.45237E-07
2.8	2.4	2.36433E-07
2.8	2.5	9.89441E-08
2.8	2.6	3.99604E-08
2.8	2.7	1.5575E-08
2.8	2.8	5.85847E-09
2.8	2.9	2.12666E-09
2.8	3	7.45027E-10
2.9	-3	5.17299E-10
2.9	-2.9	1.47662E-09
2.9	-2.8	4.06774E-09
2.9	-2.7	1.08143E-08
2.9	-2.6	2.77459E-08
2.9	-2.5	6.87004E-08
2.9	-2.4	1.64164E-07
2.9	-2.3	3.78578E-07
2.9	-2.2	8.4254E-07
2.9	-2.1	1.80961E-06
2.9	-2	3.75091E-06
2.9	-1.9	7.50322E-06
2.9	-1.8	1.4485E-05
2.9	-1.7	2.69864E-05
2.9	-1.6	4.85211E-05
2.9	-1.5	8.41929E-05
2.9	-1.4	0.000140987
2.9	-1.3	0.000227845
2.9	-1.2	0.000355353
2.9	-1.1	0.000534857
2.9	-1	0.000776916
2.9	-0.9	0.001089104
2.9	-0.8	0.001473407
2.9	-0.7	0.001923688
2.9	-0.6	0.002423845
2.9	-0.5	0.002947363
2.9	-0.4	0.003458762
2.9	-0.3	0.003917114
2.9	-0.2	0.004281246
2.9	-0.1	0.004515778
2.9	0	0.004596776
2.9	0.1	0.004515778
2.9	0.2	0.004281246
2.9	0.3	0.003917114
2.9	0.4	0.003458762
2.9	0.5	0.002947363
2.9	0.6	0.002423845
2.9	0.7	0.001923688
2.9	0.8	0.001473407
2.9	0.9	0.001089104
2.9	1	0.000776916
2.9	1.1	0.000534857
2.9	1.2	0.000355353
2.9	1.3	0.000227845
2.9	1.4	0.000140987
2.9	1.5	8.41929E-05
2.9	1.6	4.85211E-05
2.9	1.7	2.69864E-05
2.9	1.8	1.4485E-05
2.9	1.9	7.50322E-06
2.9	2	3.75091E-06
2.9	2.1	1.80961E-06
2.9	2.2	8.4254E-07
2.9	2.3	3.78578E-07
2.9	2.4	1.64164E-07
2.9	2.5	6.87004E-08
2.9	2.6	2.77459E-08
2.9	2.7	1.08143E-08
2.9	2.8	4.06774E-09
2.9	2.9	1.47662E-09
2.9	3	5.17299E-10
3	-3	3.54611E-10
3	-2.9	1.01223E-09
3	-2.8	2.78846E-09
3	-2.7	7.41323E-09
3	-2.6	1.90199E-08
3	-2.5	4.70944E-08
3	-2.4	1.12535E-07
3	-2.3	2.59517E-07
3	-2.2	5.77565E-07
3	-2.1	1.2405E-06
3	-2	2.57127E-06
3	-1.9	5.14349E-06
3	-1.8	9.9295E-06
3	-1.7	1.84993E-05
3	-1.6	3.32615E-05
3	-1.5	5.77146E-05
3	-1.4	9.66471E-05
3	-1.3	0.000156189
3	-1.2	0.000243596
3	-1.1	0.000366647
3	-1	0.00053258
3	-0.9	0.000746586
3	-0.8	0.001010027
3	-0.7	0.001318697
3	-0.6	0.001661557
3	-0.5	0.002020431
3	-0.4	0.002370998
3	-0.3	0.0026852
3	-0.2	0.002934814
3	-0.1	0.003095587
3	0	0.003151111
3	0.1	0.003095587
3	0.2	0.002934814
3	0.3	0.0026852
3	0.4	0.002370998
3	0.5	0.002020431
3	0.6	0.001661557
3	0.7	0.001318697
3	0.8	0.001010027
3	0.9	0.000746586
3	1	0.00053258
3	1.1	0.000366647
3	1.2	0.000243596
3	1.3	0.000156189
3	1.4	9.66471E-05
3	1.5	5.77146E-05
3	1.6	3.32615E-05
3	1.7	1.84993E-05
3	1.8	9.9295E-06
3	1.9	5.14349E-06
3	2	2.57127E-06
3	2.1	1.2405E-06
3	2.2	5.77565E-07
3	2.3	2.59517E-07
3	2.4	1.12535E-07
3	2.5	4.70944E-08
3	2.6	1.90199E-08
3	2.7	7.41323E-09
3	2.8	2.78846E-09
3	2.9	1.01223E-09
3	3	3.54611E-10
